Messreihe #1	Messreihe #1	Messreihe #1	Messreihe #1
Zeit (s)	Position (m)	Geschwindigkeit (m/s)	Beschleunigung (m/s²)
0,000	0,32		
0,020	0,32	-0,25	
0,040	0,31	-0,25	-3,47E-14
0,060	0,31	-0,25	0,00
0,080	0,30	-0,25	0,10
0,100	0,30	-0,25	0,22
0,120	0,29	-0,25	0,22
0,140	0,29	-0,24	0,11
0,160	0,29	-0,24	0,10
0,180	0,28	-0,24	0,22
0,200	0,28	-0,23	0,10
0,220	0,27	-0,23	0,21
0,240	0,27	-0,22	0,43
0,260	0,26	-0,22	0,32
0,280	0,26	-0,21	0,32
0,300	0,25	-0,20	0,43
0,320	0,25	-0,19	0,43
0,340	0,25	-0,19	0,54
0,360	0,24	-0,17	0,55
0,380	0,24	-0,16	0,32
0,400	0,24	-0,16	0,42
0,420	0,23	-0,15	0,65
0,440	0,23	-0,13	0,54
0,460	0,23	-0,13	0,43
0,480	0,22	-0,12	0,53
0,500	0,22	-0,10	0,65
0,520	0,22	-0,09	0,64
0,540	0,22	-0,08	0,76
0,560	0,22	-0,06	0,65
0,580	0,22	-0,05	0,53
0,600	0,22	-0,04	0,65
0,620	0,21	-0,03	0,53
0,640	0,21	-0,02	0,64
0,660	0,21	-4,02E-4	0,76
0,680	0,21	0,01	0,54
0,700	0,21	0,02	0,53
0,720	0,22	0,03	0,75
0,740	0,22	0,05	0,87
0,760	0,22	0,07	0,65
0,780	0,22	0,08	0,42
0,800	0,22	0,09	0,64
0,820	0,22	0,10	0,65
0,840	0,22	0,11	0,43
0,860	0,23	0,12	0,53
0,880	0,23	0,13	0,65
0,900	0,23	0,15	0,54
0,920	0,24	0,15	0,43
0,940	0,24	0,16	0,54
0,960	0,24	0,18	0,54
0,980	0,25	0,18	0,54
1,000	0,25	0,20	0,55
1,020	0,25	0,21	0,21
1,040	0,26	0,21	0,21
1,060	0,26	0,21	0,44
1,080	0,27	0,22	0,21
1,100	0,27	0,22	0,21
1,120	0,27	0,23	0,44
1,140	0,28	0,24	0,22
1,160	0,28	0,24	0,10
1,180	0,29	0,24	0,21
1,200	0,29	0,25	0,22
1,220	0,30	0,25	0,12
1,240	0,30	0,25	-0,11
1,260	0,31	0,25	-0,12
1,280	0,31	0,25	0,11
1,300	0,32	0,25	0,12
1,320	0,32	0,25	-0,21
1,340	0,33	0,24	-0,22
1,360	0,33	0,24	0,01
1,380	0,34	0,25	-0,10
1,400	0,34	0,24	-0,21
1,420	0,35	0,24	-0,21
1,440	0,35	0,23	-0,21
1,460	0,36	0,23	-0,32
1,480	0,36	0,22	-0,43
1,500	0,37	0,21	-0,32
1,520	0,37	0,21	-0,32
1,540	0,38	0,20	-0,43
1,560	0,38	0,19	-0,43
1,580	0,38	0,18	-0,44
1,600	0,39	0,17	-0,32
1,620	0,39	0,17	-0,42
1,640	0,39	0,16	-0,54
1,660	0,40	0,15	-0,42
1,680	0,40	0,14	-0,63
1,700	0,40	0,12	-0,88
1,720	0,40	0,10	-0,55
1,740	0,41	0,10	-0,30
1,760	0,41	0,09	-0,64
1,780	0,41	0,07	-0,65
1,800	0,41	0,07	-0,53
1,820	0,41	0,05	-0,65
1,840	0,41	0,04	-0,54
1,860	0,41	0,03	-0,52
1,880	0,41	0,02	-0,75
1,900	0,41	7,76E-4	-0,76
1,920	0,41	-0,01	-0,65
1,940	0,41	-0,03	-0,65
1,960	0,41	-0,04	-0,54
1,980	0,41	-0,05	-0,53
2,000	0,41	-0,06	-0,65
2,020	0,41	-0,07	-0,65
2,040	0,41	-0,09	-0,54
2,060	0,41	-0,09	-0,42
2,080	0,40	-0,10	-0,65
2,100	0,40	-0,12	-0,66
2,120	0,40	-0,13	-0,42
2,140	0,40	-0,14	-0,53
2,160	0,39	-0,15	-0,65
2,180	0,39	-0,16	-0,66
2,200	0,39	-0,18	-0,44
2,220	0,38	-0,18	-0,20
2,240	0,38	-0,18	-0,42
2,260	0,38	-0,20	-0,55
2,280	0,37	-0,21	-0,32
2,300	0,37	-0,21	-0,32
2,320	0,36	-0,22	-0,33
2,340	0,36	-0,22	-0,21
2,360	0,36	-0,23	-0,32
2,380	0,35	-0,24	-0,33
2,400	0,35	-0,24	-0,22
2,420	0,34	-0,25	-0,11
2,440	0,34	-0,25	0,01
2,460	0,33	-0,25	-0,10
2,480	0,33	-0,25	-0,22
2,500	0,32	-0,25	-0,12
2,520	0,32	-0,25	0,11
2,540	0,31	-0,25	0,01
2,560	0,31	-0,25	-0,12
2,580	0,30	-0,25	0,10
2,600	0,30	-0,25	0,22
2,620	0,29	-0,25	0,22
2,640	0,29	-0,24	0,22
2,660	0,28	-0,24	0,22
2,680	0,28	-0,23	0,22
2,700	0,27	-0,23	0,22
2,720	0,27	-0,22	0,21
2,740	0,26	-0,22	0,32
2,760	0,26	-0,21	0,43
2,780	0,25	-0,20	0,43
2,800	0,25	-0,19	0,32
2,820	0,25	-0,19	0,32
2,840	0,24	-0,18	0,53
2,860	0,24	-0,17	0,65
2,880	0,24	-0,16	0,65
2,900	0,23	-0,14	0,43
2,920	0,23	-0,14	0,42
2,940	0,23	-0,13	0,65
2,960	0,23	-0,11	0,54
2,980	0,22	-0,10	0,43
3,000	0,22	-0,10	0,53
3,020	0,22	-0,08	0,76
3,040	0,22	-0,06	0,65
3,060	0,22	-0,06	0,53
3,080	0,22	-0,04	0,75
3,100	0,22	-0,03	0,76
3,120	0,21	-0,01	0,65
3,140	0,21	-4,02E-4	0,65
3,160	0,21	0,01	0,54
3,180	0,21	0,02	0,53
3,200	0,22	0,03	0,64
3,220	0,22	0,05	0,64
3,240	0,22	0,06	0,64
3,260	0,22	0,07	0,64
3,280	0,22	0,09	0,65
3,300	0,22	0,10	0,54
3,320	0,22	0,11	0,53
3,340	0,23	0,12	0,65
3,360	0,23	0,13	0,54
3,380	0,23	0,14	0,54
3,400	0,23	0,15	0,54
3,420	0,24	0,16	0,43
3,440	0,24	0,17	0,43
3,460	0,24	0,18	0,43
3,480	0,25	0,19	0,43
3,500	0,25	0,20	0,43
3,520	0,26	0,21	0,43
3,540	0,26	0,21	0,32
3,560	0,26	0,22	0,32
3,580	0,27	0,23	0,33
3,600	0,27	0,23	0,21
3,620	0,28	0,24	0,22
3,640	0,28	0,24	0,11
3,660	0,29	0,24	0,10
3,680	0,29	0,24	0,21
3,700	0,30	0,25	0,22
3,720	0,30	0,25	0,12
3,740	0,31	0,25	-0,11
3,760	0,31	0,25	0,00
3,780	0,32	0,25	0,12
3,800	0,32	0,25	-0,21
3,820	0,33	0,24	-0,22
3,840	0,33	0,24	0,01
3,860	0,34	0,25	-0,10
3,880	0,34	0,24	-0,21
3,900	0,35	0,24	-0,21
3,920	0,35	0,23	-0,21
3,940	0,36	0,23	-0,32
3,960	0,36	0,22	-0,33
3,980	0,37	0,22	-0,21
4,000	0,37	0,21	-0,32
4,020	0,37	0,20	-0,42
4,040	0,38	0,19	-0,54
4,060	0,38	0,18	-0,55
4,080	0,39	0,17	-0,32
4,100	0,39	0,17	-0,32
4,120	0,39	0,16	-0,42
4,140	0,40	0,15	-0,52
4,160	0,40	0,14	-0,75
4,180	0,40	0,12	-0,76
4,200	0,40	0,11	-0,54
4,220	0,41	0,10	-0,42
4,240	0,41	0,09	-0,54
4,260	0,41	0,08	-0,54
4,280	0,41	0,07	-0,52
4,300	0,41	0,06	-0,75
4,320	0,41	0,04	-0,77
4,340	0,41	0,03	-0,54
4,360	0,41	0,02	-0,42
4,380	0,41	0,01	-0,63
4,400	0,41	-0,01	-0,87
4,420	0,41	-0,03	-0,66
4,440	0,41	-0,03	-0,42
4,460	0,41	-0,04	-0,64
4,480	0,41	-0,06	-0,76
4,500	0,41	-0,07	-0,65
4,520	0,41	-0,09	-0,54
4,540	0,41	-0,09	-0,42
4,560	0,40	-0,10	-0,54
4,580	0,40	-0,12	-0,54
4,600	0,40	-0,12	-0,53
4,620	0,40	-0,14	-0,65
4,640	0,39	-0,15	-0,54
4,660	0,39	-0,16	-0,54
4,680	0,39	-0,17	-0,55
4,700	0,38	-0,18	-0,32
4,720	0,38	-0,18	-0,42
4,740	0,38	-0,20	-0,56
4,760	0,37	-0,21	-0,22
4,780	0,37	-0,21	-0,20
4,800	0,36	-0,21	-0,44
4,820	0,36	-0,22	-0,33
4,840	0,36	-0,23	-0,22
4,860	0,35	-0,23	-0,22
4,880	0,35	-0,24	-0,22
4,900	0,34	-0,24	-0,22
4,920	0,34	-0,25	-0,22
4,940	0,33	-0,25	-0,11
4,960	0,33	-0,25	2,43E-13
4,980	0,32	-0,25	3,12E-13
5,000	0,32	-0,25	-1,04E-13
5,020	0,31	-0,25	-1,39E-13
5,040	0,31	-0,25	-1,39E-13
5,060	0,30	-0,25	0,00
5,080	0,30	-0,25	0,10
5,100	0,29	-0,25	0,22
5,120	0,29	-0,24	0,11
5,140	0,28	-0,24	0,10
5,160	0,28	-0,24	0,32
5,180	0,27	-0,23	0,33
5,200	0,27	-0,22	0,21
5,220	0,26	-0,22	0,43
5,240	0,26	-0,21	0,44
5,260	0,26	-0,20	0,21
5,280	0,25	-0,20	0,43
5,300	0,25	-0,19	0,43
5,320	0,24	-0,18	0,32
5,340	0,24	-0,17	0,54
5,360	0,24	-0,16	0,54
5,380	0,23	-0,15	0,53
5,400	0,23	-0,14	0,65
5,420	0,23	-0,13	0,54
5,440	0,23	-0,12	0,53
5,460	0,22	-0,10	0,65
5,480	0,22	-0,09	0,54
5,500	0,22	-0,08	0,43
5,520	0,22	-0,07	0,53
5,540	0,22	-0,06	0,75
5,560	0,22	-0,04	0,76
5,580	0,22	-0,03	0,54
5,600	0,22	-0,02	0,53
5,620	0,21	-0,01	0,75
5,640	0,21	0,01	0,76
5,660	0,21	0,02	0,64
5,680	0,22	0,03	0,64
5,700	0,22	0,05	0,65
5,720	0,22	0,06	0,54
5,740	0,22	0,07	0,42
5,760	0,22	0,08	0,64
5,780	0,22	0,09	0,76
5,800	0,22	0,11	0,54
5,820	0,23	0,12	0,53
5,840	0,23	0,13	0,64
5,860	0,23	0,14	0,65
5,880	0,23	0,15	0,54
5,900	0,24	0,16	0,43
5,920	0,24	0,17	0,43
5,940	0,24	0,18	0,32
5,960	0,25	0,18	0,31
5,980	0,25	0,19	0,54
6,000	0,26	0,21	0,54
6,020	0,26	0,21	0,33
6,040	0,26	0,22	0,21
6,060	0,27	0,22	0,21
6,080	0,27	0,23	0,32
6,100	0,28	0,24	0,33
6,120	0,28	0,24	0,22
6,140	0,29	0,24	0,11
6,160	0,29	0,24	0,00
6,180	0,30	0,24	0,10
6,200	0,30	0,25	0,22
6,220	0,31	0,25	0,12
6,240	0,31	0,25	-0,11
6,260	0,32	0,25	-0,11
6,280	0,32	0,25	1,73E-13
6,300	0,33	0,25	0,01
6,320	0,33	0,25	-0,10
6,340	0,34	0,25	-0,21
6,360	0,34	0,24	-0,21
6,380	0,35	0,24	-0,21
6,400	0,35	0,23	-0,21
6,420	0,36	0,23	-0,32
6,440	0,36	0,22	-0,33
6,460	0,36	0,22	-0,21
6,480	0,37	0,21	-0,32
6,500	0,37	0,20	-0,43
6,520	0,38	0,19	-0,43
6,540	0,38	0,19	-0,43
6,560	0,38	0,18	-0,43
6,580	0,39	0,17	-0,42
6,600	0,39	0,16	-0,52
6,620	0,39	0,15	-0,76
6,640	0,40	0,13	-0,66
6,660	0,40	0,12	-0,31
6,680	0,40	0,12	-0,53
6,700	0,40	0,10	-0,66
6,720	0,41	0,09	-0,42
6,740	0,41	0,08	-0,54
6,760	0,41	0,07	-0,53
6,780	0,41	0,06	-0,64
6,800	0,41	0,04	-0,76
6,820	0,41	0,03	-0,64
6,840	0,41	0,02	-0,64
6,860	0,41	0,01	-0,65
6,880	0,41	-0,01	-0,54
6,900	0,41	-0,02	-0,42
6,920	0,41	-0,02	-0,63
6,940	0,41	-0,04	-0,87
6,960	0,41	-0,06	-0,65
6,980	0,41	-0,07	-0,54
7,000	0,41	-0,08	-0,54
7,020	0,41	-0,09	-0,42
7,040	0,40	-0,10	-0,65
7,060	0,40	-0,12	-0,66
7,080	0,40	-0,12	-0,43
7,100	0,40	-0,13	-0,42
7,120	0,39	-0,14	-0,53
7,140	0,39	-0,15	-0,77
7,160	0,39	-0,17	-0,55
7,180	0,38	-0,18	-0,31
7,200	0,38	-0,18	-0,54
7,220	0,38	-0,20	-0,44
7,240	0,37	-0,20	-0,22
7,260	0,37	-0,21	-0,21
7,280	0,37	-0,21	-0,32
7,300	0,36	-0,22	-0,44
7,320	0,36	-0,23	-0,33
7,340	0,35	-0,23	-0,22
7,360	0,35	-0,24	-0,22
7,380	0,34	-0,24	-0,11
7,400	0,34	-0,24	-0,10
7,420	0,33	-0,25	-0,22
7,440	0,33	-0,25	-0,11
7,460	0,32	-0,25	-0,11
7,480	0,32	-0,25	-0,12
7,500	0,31	-0,25	0,10
7,520	0,31	-0,25	0,22
7,540	0,30	-0,25	0,11
7,560	0,30	-0,25	0,00
7,580	0,29	-0,25	0,11
7,600	0,29	-0,24	0,11
7,620	0,28	-0,24	0,10
7,640	0,28	-0,24	0,22
7,660	0,27	-0,23	0,21
7,680	0,27	-0,23	0,32
7,700	0,26	-0,22	0,43
7,720	0,26	-0,21	0,43
7,740	0,26	-0,20	0,32
7,760	0,25	-0,20	0,32
7,780	0,25	-0,19	0,54
7,800	0,24	-0,18	0,55
7,820	0,24	-0,17	0,32
7,840	0,24	-0,16	0,32
7,860	0,23	-0,16	0,53
7,880	0,23	-0,14	0,65
7,900	0,23	-0,13	0,65
7,920	0,23	-0,12	0,54
7,940	0,22	-0,11	0,53
7,960	0,22	-0,10	0,65
7,980	0,22	-0,08	0,65
8,000	0,22	-0,07	0,65
8,020	0,22	-0,06	0,54
8,040	0,22	-0,05	0,53
8,060	0,22	-0,03	0,65
8,080	0,22	-0,02	0,65
8,100	0,22	-0,01	0,65
8,120	0,21	0,00	0,64
8,140	0,22	0,02	0,64
8,160	0,22	0,03	0,64
8,180	0,22	0,04	0,75
8,200	0,22	0,06	0,76
8,220	0,22	0,07	0,54
8,240	0,22	0,08	0,43
8,260	0,22	0,09	0,53
8,280	0,22	0,10	0,65
8,300	0,23	0,12	0,54
8,320	0,23	0,12	0,43
8,340	0,23	0,13	0,53
8,360	0,23	0,15	0,64
8,380	0,24	0,16	0,65
8,400	0,24	0,17	0,54
8,420	0,24	0,18	0,32
8,440	0,25	0,18	0,32
8,460	0,25	0,19	0,43
8,480	0,26	0,20	0,43
8,500	0,26	0,21	0,33
8,520	0,26	0,21	0,21
8,540	0,27	0,22	0,32
8,560	0,27	0,23	0,43
8,580	0,28	0,24	0,33
8,600	0,28	0,24	0,11
8,620	0,29	0,24	0,11
8,640	0,29	0,24	0,11
8,660	0,30	0,24	0,00
8,680	0,30	0,24	0,11
8,700	0,31	0,25	0,11
8,720	0,31	0,25	-2,41E-13
8,740	0,32	0,25	-2,07E-13
8,760	0,32	0,25	0,00
8,780	0,33	0,25	0,01
8,800	0,33	0,25	-0,10
8,820	0,34	0,25	-0,21
8,840	0,34	0,24	-0,21
8,860	0,35	0,24	-0,21
8,880	0,35	0,23	-0,21
8,900	0,35	0,23	-0,21
8,920	0,36	0,22	-0,32
8,940	0,36	0,22	-0,44
8,960	0,37	0,21	-0,32
8,980	0,37	0,20	-0,32
9,000	0,38	0,19	-0,44
9,020	0,38	0,19	-0,32
9,040	0,38	0,18	-0,31
9,060	0,39	0,17	-0,53
9,080	0,39	0,16	-0,65
9,100	0,39	0,15	-0,55
9,120	0,40	0,14	-0,31
9,140	0,40	0,13	-0,52
9,160	0,40	0,12	-0,87
9,180	0,40	0,10	-0,66
9,200	0,41	0,09	-0,43
9,220	0,41	0,08	-0,43
9,240	0,41	0,07	-0,42
9,260	0,41	0,07	-0,63
9,280	0,41	0,05	-0,87
9,300	0,41	0,03	-0,65
9,320	0,41	0,02	-0,53
9,340	0,41	0,01	-0,64
9,360	0,41	0,00	-0,65
9,380	0,41	-0,02	-0,65
9,400	0,41	-0,03	-0,65
9,420	0,41	-0,04	-0,66
9,440	0,41	-0,06	-0,42
9,460	0,41	-0,06	-0,52
9,480	0,41	-0,08	-0,77
9,500	0,41	-0,09	-0,42
9,520	0,40	-0,09	-0,64
9,540	0,40	-0,12	-0,78
9,560	0,40	-0,12	-0,32
9,580	0,40	-0,13	-0,42
9,600	0,40	-0,14	-0,65
9,620	0,39	-0,15	-0,65
9,640	0,39	-0,17	-0,55
9,660	0,39	-0,18	-0,32
9,680	0,38	-0,18	-0,31
9,700	0,38	-0,19	-0,54
9,720	0,37	-0,20	-0,44
9,740	0,37	-0,21	-0,21
9,760	0,37	-0,21	-0,32
9,780	0,36	-0,22	-0,44
9,800	0,36	-0,23	-0,33
9,820	0,35	-0,23	-0,11
9,840	0,35	-0,23	-0,10
9,860	0,34	-0,24	-0,33
9,880	0,34	-0,25	-0,23
9,900	0,33	-0,25	0,01
9,920	0,33	-0,25	-0,11
9,940	0,32	-0,25	-0,11
9,960	0,32	-0,25	2,78E-13
9,980	0,31	-0,25	2,78E-13
10,000	0,31	-0,25	-3,12E-13
10,020	0,30	-0,25	0,00
10,040	0,30	-0,25	0,10
10,060	0,29	-0,25	0,22
10,080	0,29	-0,24	0,22
10,100	0,28	-0,24	0,22
10,120	0,28	-0,23	0,22
10,140	0,27	-0,23	0,22
10,160	0,27	-0,22	0,22
10,180	0,27	-0,22	0,21
10,200	0,26	-0,22	0,32
10,220	0,26	-0,21	0,43
10,240	0,25	-0,20	0,32
10,260	0,25	-0,19	0,42
10,280	0,25	-0,18	0,65
10,300	0,24	-0,17	0,54
10,320	0,24	-0,16	0,43
10,340	0,24	-0,15	0,43
10,360	0,23	-0,14	0,43
10,380	0,23	-0,13	0,54
10,400	0,23	-0,12	0,54
10,420	0,23	-0,11	0,53
10,440	0,22	-0,10	0,65
10,460	0,22	-0,09	0,65
10,480	0,22	-0,07	0,65
10,500	0,22	-0,06	0,65
10,520	0,22	-0,05	0,65
10,540	0,22	-0,03	0,53
10,560	0,22	-0,03	0,64
10,580	0,22	-0,01	0,76
10,600	0,22	0,00	0,54
10,620	0,22	0,01	0,53
10,640	0,22	0,03	0,64
10,660	0,22	0,04	0,64
10,680	0,22	0,05	0,64
10,700	0,22	0,06	0,64
10,720	0,22	0,08	0,64
10,740	0,22	0,09	0,64
10,760	0,22	0,10	0,65
10,780	0,23	0,12	0,43
10,800	0,23	0,12	0,42
10,820	0,23	0,13	0,65
10,840	0,23	0,15	0,54
10,860	0,24	0,15	0,43
10,880	0,24	0,16	0,43
10,900	0,24	0,17	0,54
10,920	0,25	0,18	0,54
10,940	0,25	0,19	0,43
10,960	0,25	0,20	0,43
10,980	0,26	0,21	0,43
11,000	0,26	0,22	0,33
11,020	0,27	0,22	0,11
11,040	0,27	0,22	0,10
11,060	0,28	0,23	0,32
11,080	0,28	0,24	0,33
11,100	0,29	0,24	0,21
11,120	0,29	0,24	0,22
11,140	0,30	0,25	0,11
11,160	0,30	0,25	2,76E-13
11,180	0,31	0,25	-6,94E-14
11,200	0,31	0,25	-3,11E-13
11,220	0,32	0,25	-2,76E-13
11,240	0,32	0,25	0,01
11,260	0,33	0,25	-0,10
11,280	0,33	0,25	-0,22
11,300	0,33	0,24	-0,11
11,320	0,34	0,24	0,01
11,340	0,34	0,24	-0,10
11,360	0,35	0,24	-0,32
11,380	0,35	0,23	-0,43
11,400	0,36	0,22	-0,33
11,420	0,36	0,22	-0,21
11,440	0,37	0,21	-0,32
11,460	0,37	0,20	-0,43
11,480	0,38	0,19	-0,44
11,500	0,38	0,19	-0,32
11,520	0,38	0,18	-0,31
11,540	0,39	0,17	-0,54
11,560	0,39	0,16	-0,55
11,580	0,39	0,15	-0,32
11,600	0,40	0,15	-0,40
11,620	0,40	0,13	-0,87
11,640	0,40	0,11	-0,77
11,660	0,40	0,10	-0,43
11,680	0,41	0,10	-0,42
11,700	0,41	0,09	-0,53
11,720	0,41	0,07	-0,65
11,740	0,41	0,06	-0,53
11,760	0,41	0,05	-0,64
11,780	0,41	0,04	-0,76
11,800	0,41	0,02	-0,65
11,820	0,41	0,01	-0,54
11,840	0,41	5,16E-4	-0,42
11,860	0,41	-0,01	-0,64
11,880	0,41	-0,03	-0,75
11,900	0,41	-0,04	-0,76
11,920	0,41	-0,06	-0,66
11,940	0,41	-0,06	-0,42
11,960	0,41	-0,07	-0,54
11,980	0,41	-0,09	-0,54
12,000	0,41	-0,09	-0,54
12,020	0,40	-0,11	-0,54
12,040	0,40	-0,12	-0,53
12,060	0,40	-0,13	-0,76
12,080	0,40	-0,15	-0,66
12,100	0,39	-0,15	-0,43
12,120	0,39	-0,16	-0,43
12,140	0,39	-0,17	-0,43
12,160	0,38	-0,18	-0,44
12,180	0,38	-0,19	-0,32
12,200	0,38	-0,19	-0,32
12,220	0,37	-0,20	-0,43
12,240	0,37	-0,21	-0,44
12,260	0,36	-0,22	-0,33
12,280	0,36	-0,22	-0,22
12,300	0,35	-0,23	-0,22
12,320	0,35	-0,23	-0,22
12,340	0,34	-0,24	-0,22
12,360	0,34	-0,24	-0,22
12,380	0,33	-0,25	-0,23
12,400	0,33	-0,25	-0,01
12,420	0,32	-0,25	0,12
12,440	0,32	-0,25	-0,11
12,460	0,31	-0,25	-0,11
12,480	0,31	-0,25	-2,78E-13
12,500	0,31	-0,25	0,00
12,520	0,30	-0,25	0,11
12,540	0,30	-0,25	0,11
12,560	0,29	-0,25	0,10
12,580	0,29	-0,24	0,33
12,600	0,28	-0,23	0,22
12,620	0,28	-0,23	0,10
12,640	0,27	-0,23	0,32
12,660	0,27	-0,22	0,43
12,680	0,26	-0,21	0,32
12,700	0,26	-0,21	0,32
12,720	0,25	-0,20	0,43
12,740	0,25	-0,19	0,32
12,760	0,25	-0,19	0,32
12,780	0,24	-0,18	0,43
12,800	0,24	-0,17	0,53
12,820	0,24	-0,16	0,65
12,840	0,23	-0,14	0,54
12,860	0,23	-0,13	0,53
12,880	0,23	-0,12	0,65
12,900	0,23	-0,11	0,54
12,920	0,22	-0,10	0,43
12,940	0,22	-0,09	0,53
12,960	0,22	-0,08	0,65
12,980	0,22	-0,06	0,65
13,000	0,22	-0,05	0,65
13,020	0,22	-0,04	0,65
13,040	0,22	-0,03	0,65
13,060	0,22	-0,01	0,64
13,080	0,22	-5,39E-4	0,76
13,100	0,22	0,02	0,65
13,120	0,22	0,03	0,42
13,140	0,22	0,03	0,64
13,160	0,22	0,05	0,76
13,180	0,22	0,06	0,54
13,200	0,22	0,07	0,53
13,220	0,22	0,09	0,64
13,240	0,22	0,10	0,64
13,260	0,23	0,11	0,65
13,280	0,23	0,12	0,54
13,300	0,23	0,13	0,43
13,320	0,23	0,14	0,54
13,340	0,24	0,15	0,54
13,360	0,24	0,16	0,43
13,380	0,24	0,17	0,43
13,400	0,25	0,18	0,43
13,420	0,25	0,19	0,54
13,440	0,25	0,20	0,44
13,460	0,26	0,21	0,21
13,480	0,26	0,21	0,32
13,500	0,27	0,22	0,43
13,520	0,27	0,23	0,33
13,540	0,28	0,23	0,22
13,560	0,28	0,24	0,11
13,580	0,28	0,24	0,10
13,600	0,29	0,24	0,22
13,620	0,29	0,24	0,11
13,640	0,30	0,24	0,11
13,660	0,30	0,25	0,11
13,680	0,31	0,25	-5,88E-13
13,700	0,31	0,25	5,53E-13
13,720	0,32	0,25	0,01
13,740	0,32	0,25	-0,10
13,760	0,33	0,25	-0,22
13,780	0,33	0,24	-0,11
13,800	0,34	0,24	-0,10
13,820	0,34	0,24	-0,22
13,840	0,35	0,23	-0,10
13,860	0,35	0,23	-0,20
13,880	0,36	0,22	-0,44
13,900	0,36	0,21	-0,21
13,920	0,37	0,22	-0,20
13,940	0,37	0,21	-0,54
13,960	0,37	0,19	-0,43
13,980	0,38	0,19	-0,31
14,000	0,38	0,18	-0,54
14,020	0,39	0,17	-0,44
14,040	0,39	0,16	-0,20
14,060	0,39	0,16	-0,41
14,080	0,40	0,15	-0,75
14,100	0,40	0,13	-0,76
14,120	0,40	0,12	-0,54
14,140	0,40	0,11	-0,54
14,160	0,40	0,09	-0,43
14,180	0,41	0,09	-0,41
14,200	0,41	0,08	-0,76
14,220	0,41	0,06	-0,65
14,240	0,41	0,05	-0,53
14,260	0,41	0,04	-0,64
14,280	0,41	0,03	-0,64
14,300	0,41	0,01	-0,65
14,320	0,41	5,16E-4	-0,54
14,340	0,41	-0,01	-0,53
14,360	0,41	-0,02	-0,65
14,380	0,41	-0,03	-0,64
14,400	0,41	-0,05	-0,76
14,420	0,41	-0,06	-0,66
14,440	0,41	-0,07	-0,42
14,460	0,41	-0,08	-0,54
14,480	0,41	-0,09	-0,54
14,500	0,40	-0,10	-0,53
14,520	0,40	-0,12	-0,76
14,540	0,40	-0,13	-0,66
14,560	0,40	-0,14	-0,43
14,580	0,39	-0,15	-0,43
14,600	0,39	-0,16	-0,42
14,620	0,39	-0,17	-0,54
14,640	0,38	-0,18	-0,55
14,660	0,38	-0,19	-0,32
14,680	0,38	-0,19	-0,32
14,700	0,37	-0,20	-0,44
14,720	0,37	-0,21	-0,33
14,740	0,36	-0,21	-0,21
14,760	0,36	-0,22	-0,32
14,780	0,35	-0,23	-0,33
14,800	0,35	-0,23	-0,22
14,820	0,35	-0,24	-0,22
14,840	0,34	-0,24	-0,22
14,860	0,34	-0,25	-0,11
14,880	0,33	-0,25	0,01
14,900	0,33	-0,25	-0,11
14,920	0,32	-0,25	-0,11
14,940	0,32	-0,25	-3,47E-14
14,960	0,31	-0,25	0,00
14,980	0,31	-0,25	0,10
15,000	0,30	-0,25	0,22
15,020	0,30	-0,24	3,07E-4
15,040	0,29	-0,25	-0,01
15,060	0,29	-0,24	0,22
15,080	0,28	-0,24	0,21
15,100	0,28	-0,23	0,32
15,120	0,27	-0,22	0,33
15,140	0,27	-0,22	0,21
15,160	0,26	-0,22	0,32
15,180	0,26	-0,21	0,43
15,200	0,26	-0,20	0,32
15,220	0,25	-0,19	0,32
15,240	0,25	-0,19	0,43
15,260	0,24	-0,18	0,54
15,280	0,24	-0,16	0,54
15,300	0,24	-0,16	0,43
15,320	0,23	-0,15	0,54
15,340	0,23	-0,13	0,54
15,360	0,23	-0,13	0,42
15,380	0,23	-0,12	0,64
15,400	0,22	-0,10	0,76
15,420	0,22	-0,09	0,54
15,440	0,22	-0,08	0,54
15,460	0,22	-0,06	0,54
15,480	0,22	-0,06	0,53
15,500	0,22	-0,04	0,65
15,520	0,22	-0,03	0,65
15,540	0,22	-0,02	0,65
15,560	0,22	0,00	0,64
15,580	0,22	0,01	0,75
15,600	0,22	0,03	0,76
15,620	0,22	0,04	0,54
15,640	0,22	0,05	0,53
15,660	0,22	0,06	0,65
15,680	0,22	0,07	0,54
15,700	0,22	0,08	0,53
15,720	0,22	0,09	0,65
15,740	0,23	0,11	0,54
15,760	0,23	0,12	0,53
15,780	0,23	0,13	0,64
15,800	0,23	0,14	0,65
15,820	0,24	0,15	0,54
15,840	0,24	0,16	0,32
15,860	0,24	0,17	0,43
15,880	0,25	0,18	0,54
15,900	0,25	0,19	0,32
15,920	0,25	0,19	0,32
15,940	0,26	0,20	0,43
15,960	0,26	0,21	0,43
15,980	0,27	0,22	0,33
16,000	0,27	0,22	0,21
16,020	0,27	0,23	0,32
16,040	0,28	0,24	0,33
16,060	0,28	0,24	0,11
16,080	0,29	0,24	0,11
16,100	0,29	0,24	0,11
16,120	0,30	0,24	0,00
16,140	0,30	0,24	0,11
16,160	0,31	0,25	0,11
16,180	0,31	0,25	-3,47E-14
16,200	0,32	0,25	0,01
16,220	0,32	0,25	-0,11
16,240	0,33	0,24	-0,11
16,260	0,33	0,24	0,01
16,280	0,34	0,25	-0,21
16,300	0,34	0,24	-0,33
16,320	0,35	0,23	-0,10
16,340	0,35	0,23	-0,20
16,360	0,36	0,22	-0,43
16,380	0,36	0,22	-0,33
16,400	0,37	0,21	-0,21
16,420	0,37	0,21	-0,20
16,440	0,37	0,20	-0,42
16,460	0,38	0,19	-0,55
16,480	0,38	0,18	-0,32
16,500	0,38	0,18	-0,42
16,520	0,39	0,16	-0,54
16,540	0,39	0,16	-0,42
16,560	0,39	0,15	-0,64
16,580	0,40	0,13	-0,66
16,600	0,40	0,12	-0,42
16,620	0,40	0,11	-0,64
16,640	0,40	0,10	-0,66
16,660	0,41	0,09	-0,42
16,680	0,41	0,08	-0,54
16,700	0,41	0,06	-0,54
16,720	0,41	0,06	-0,52
16,740	0,41	0,04	-0,75
16,760	0,41	0,03	-0,77
16,780	0,41	0,01	-0,54
16,800	0,41	0,01	-0,53
16,820	0,41	-0,01	-0,65
16,840	0,41	-0,02	-0,53
16,860	0,41	-0,03	-0,64
16,880	0,41	-0,05	-0,77
16,900	0,41	-0,06	-0,54
16,920	0,41	-0,07	-0,53
16,940	0,41	-0,08	-0,66
16,960	0,41	-0,09	-0,43
16,980	0,40	-0,10	-0,41
17,000	0,40	-0,11	-0,87
17,020	0,40	-0,13	-0,78
17,040	0,40	-0,14	-0,32
17,060	0,39	-0,15	-0,31
17,080	0,39	-0,15	-0,54
17,100	0,39	-0,17	-0,54
17,120	0,38	-0,18	-0,43
17,140	0,38	-0,18	-0,44
17,160	0,38	-0,19	-0,32
17,180	0,37	-0,20	-0,32
17,200	0,37	-0,21	-0,44
17,220	0,36	-0,21	-0,33
17,240	0,36	-0,22	-0,22
17,260	0,36	-0,22	-0,21
17,280	0,35	-0,23	-0,32
17,300	0,35	-0,24	-0,33
17,320	0,34	-0,24	-0,11
17,340	0,34	-0,24	0,01
17,360	0,33	-0,24	-0,10
17,380	0,33	-0,25	-0,22
17,400	0,32	-0,25	-0,11
17,420	0,32	-0,25	0,00
17,440	0,31	-0,25	0,11
17,460	0,31	-0,25	0,11
17,480	0,30	-0,25	0,00
17,500	0,30	-0,25	0,11
17,520	0,29	-0,24	0,11
17,540	0,29	-0,24	0,10
17,560	0,28	-0,24	0,22
17,580	0,28	-0,23	0,21
17,600	0,27	-0,23	0,32
17,620	0,27	-0,22	0,33
17,640	0,26	-0,22	0,21
17,660	0,26	-0,21	0,32
17,680	0,26	-0,20	0,43
17,700	0,25	-0,19	0,43
17,720	0,25	-0,19	0,43
17,740	0,24	-0,18	0,43
17,760	0,24	-0,17	0,54
17,780	0,24	-0,16	0,54
17,800	0,24	-0,15	0,43
17,820	0,23	-0,14	0,43
17,840	0,23	-0,13	0,53
17,860	0,23	-0,12	0,65
17,880	0,22	-0,10	0,53
17,900	0,22	-0,10	0,64
17,920	0,22	-0,08	0,76
17,940	0,22	-0,06	0,54
17,960	0,22	-0,06	0,53
17,980	0,22	-0,04	0,65
18,000	0,22	-0,03	0,54
18,020	0,22	-0,02	0,53
18,040	0,22	-0,01	0,75
18,060	0,22	0,01	0,76
18,080	0,22	0,02	0,54
18,100	0,22	0,03	0,53
18,120	0,22	0,04	0,75
18,140	0,22	0,06	0,76
18,160	0,22	0,07	0,54
18,180	0,22	0,08	0,53
18,200	0,22	0,09	0,65
18,220	0,23	0,11	0,54
18,240	0,23	0,12	0,43
18,260	0,23	0,12	0,53
18,280	0,23	0,14	0,65
18,300	0,24	0,15	0,54
18,320	0,24	0,16	0,43
18,340	0,24	0,17	0,54
18,360	0,24	0,18	0,54
18,380	0,25	0,19	0,32
18,400	0,25	0,19	0,32
18,420	0,26	0,20	0,43
18,440	0,26	0,21	0,33
18,460	0,26	0,21	0,21
18,480	0,27	0,22	0,32
18,500	0,27	0,23	0,33
18,520	0,28	0,23	0,21
18,540	0,28	0,24	0,21
18,560	0,29	0,24	0,22
18,580	0,29	0,24	0,11
18,600	0,30	0,24	0,00
18,620	0,30	0,24	0,11
18,640	0,31	0,25	0,12
18,660	0,31	0,25	-0,11
18,680	0,32	0,24	-0,11
18,700	0,32	0,24	0,01
18,720	0,33	0,25	-0,11
18,740	0,33	0,24	-0,11
18,760	0,34	0,24	0,01
18,780	0,34	0,24	-0,10
18,800	0,35	0,24	-0,32
18,820	0,35	0,23	-0,33
18,840	0,36	0,22	-0,21
18,860	0,36	0,22	-0,32
18,880	0,36	0,21	-0,32
18,900	0,37	0,21	-0,32
18,920	0,37	0,20	-0,44
18,940	0,38	0,19	-0,32
18,960	0,38	0,19	-0,32
18,980	0,38	0,18	-0,42
19,000	0,39	0,17	-0,53
19,020	0,39	0,16	-0,65
19,040	0,39	0,14	-0,55
19,060	0,40	0,13	-0,31
19,080	0,40	0,13	-0,52
19,100	0,40	0,11	-0,88
19,120	0,40	0,09	-0,55
19,140	0,41	0,09	-0,30
19,160	0,41	0,08	-0,64
19,180	0,41	0,06	-0,66
19,200	0,41	0,06	-0,42
19,220	0,41	0,05	-0,64
19,240	0,41	0,03	-0,65
19,260	0,41	0,02	-0,52
19,280	0,41	0,01	-0,75
19,300	0,41	-0,01	-0,77
19,320	0,41	-0,02	-0,54
19,340	0,41	-0,03	-0,53
19,360	0,41	-0,04	-0,65
19,380	0,41	-0,06	-0,65
19,400	0,41	-0,07	-0,54
19,420	0,41	-0,08	-0,54
19,440	0,41	-0,09	-0,54
19,460	0,40	-0,10	-0,41
19,480	0,40	-0,11	-0,75
19,500	0,40	-0,13	-0,78
19,520	0,40	-0,14	-0,32
19,540	0,39	-0,14	-0,42
19,560	0,39	-0,15	-0,65
19,580	0,39	-0,17	-0,55
19,600	0,38	-0,18	-0,32
19,620	0,38	-0,18	-0,32
19,640	0,38	-0,19	-0,44
19,660	0,37	-0,20	-0,32
19,680	0,37	-0,20	-0,32
19,700	0,36	-0,21	-0,43
19,720	0,36	-0,22	-0,44
19,740	0,36	-0,23	-0,33
19,760	0,35	-0,23	-0,11
19,780	0,35	-0,23	-0,10
19,800	0,34	-0,24	-0,22
19,820	0,34	-0,24	-0,11
19,840	0,33	-0,24	-0,10
19,860	0,33	-0,25	-0,23
19,880	0,32	-0,25	-0,01
19,900	0,32	-0,25	0,12
19,920	0,31	-0,25	-0,11
19,940	0,31	-0,25	-0,12
19,960	0,30	-0,25	0,10
19,980	0,30	-0,25	0,22
20,000	0,29	-0,24	0,11
20,020	0,29	-0,24	0,10
20,040	0,28	-0,24	0,32
20,060	0,28	-0,23	0,33
20,080	0,27	-0,22	0,10
20,100	0,27	-0,22	0,21
20,120	0,27	-0,22	0,44
20,140	0,26	-0,21	0,22
20,160	0,26	-0,21	0,20
20,180	0,25	-0,20	0,54
20,200	0,25	-0,19	0,54
20,220	0,25	-0,18	0,43
20,240	0,24	-0,17	0,43
20,260	0,24	-0,16	0,54
20,280	0,24	-0,15	0,54
20,300	0,23	-0,14	0,43
20,320	0,23	-0,13	0,54
20,340	0,23	-0,12	0,54
20,360	0,23	-0,11	0,53
20,380	0,22	-0,10	0,65
20,400	0,22	-0,08	0,65
20,420	0,22	-0,07	0,65
20,440	0,22	-0,06	0,54
20,460	0,22	-0,05	0,53
20,480	0,22	-0,03	0,75
20,500	0,22	-0,02	0,76
20,520	0,22	0,00	0,54
20,540	0,22	0,00	0,43
20,560	0,22	0,01	0,53
20,580	0,22	0,03	0,75
20,600	0,22	0,04	0,76
20,620	0,22	0,06	0,64
20,640	0,22	0,07	0,65
20,660	0,22	0,08	0,54
20,680	0,22	0,09	0,53
20,700	0,22	0,10	0,65
20,720	0,23	0,12	0,54
20,740	0,23	0,12	0,43
20,760	0,23	0,13	0,54
20,780	0,23	0,15	0,54
20,800	0,24	0,15	0,43
20,820	0,24	0,16	0,54
20,840	0,24	0,18	0,54
20,860	0,25	0,18	0,32
20,880	0,25	0,19	0,31
20,900	0,26	0,20	0,54
20,920	0,26	0,21	0,44
20,940	0,26	0,21	0,21
20,960	0,27	0,22	0,32
20,980	0,27	0,23	0,33
21,000	0,28	0,23	0,11
21,020	0,28	0,23	0,10
21,040	0,29	0,24	0,21
21,060	0,29	0,24	0,21
21,080	0,30	0,24	0,22
21,100	0,30	0,25	0,00
21,120	0,31	0,24	-0,12
21,140	0,31	0,24	0,11
21,160	0,32	0,25	0,12
21,180	0,32	0,25	-0,10
21,200	0,33	0,25	-0,22
21,220	0,33	0,24	-0,11
21,240	0,34	0,24	0,01
21,260	0,34	0,24	-0,10
21,280	0,35	0,24	-0,32
21,300	0,35	0,23	-0,33
21,320	0,35	0,22	-0,21
21,340	0,36	0,22	-0,21
21,360	0,36	0,22	-0,20
21,380	0,37	0,21	-0,42
21,400	0,37	0,20	-0,55
21,420	0,38	0,19	-0,32
21,440	0,38	0,19	-0,42
21,460	0,38	0,17	-0,55
21,480	0,39	0,16	-0,32
21,500	0,39	0,16	-0,32
21,520	0,39	0,15	-0,42
21,540	0,40	0,14	-0,52
21,560	0,40	0,13	-0,76
21,580	0,40	0,11	-0,65
21,600	0,40	0,10	-0,53
21,620	0,40	0,09	-0,65
21,640	0,41	0,08	-0,54
21,660	0,41	0,07	-0,54
21,680	0,41	0,06	-0,54
21,700	0,41	0,05	-0,53
21,720	0,41	0,04	-0,64
21,740	0,41	0,02	-0,64
21,760	0,41	0,01	-0,65
21,780	0,41	0,00	-0,53
21,800	0,41	-0,01	-0,64
21,820	0,41	-0,03	-0,77
21,840	0,41	-0,04	-0,54
21,860	0,41	-0,05	-0,53
21,880	0,41	-0,06	-0,65
21,900	0,41	-0,08	-0,66
21,920	0,41	-0,09	-0,43
21,940	0,40	-0,09	-0,41
21,960	0,40	-0,11	-0,77
21,980	0,40	-0,12	-0,54
22,000	0,40	-0,13	-0,42
22,020	0,39	-0,14	-0,65
22,040	0,39	-0,15	-0,54
22,060	0,39	-0,16	-0,43
22,080	0,38	-0,17	-0,43
22,100	0,38	-0,18	-0,43
22,120	0,38	-0,19	-0,43
22,140	0,37	-0,20	-0,44
22,160	0,37	-0,21	-0,22
22,180	0,37	-0,21	-0,20
22,200	0,36	-0,21	-0,44
22,220	0,36	-0,22	-0,22
22,240	0,35	-0,22	-0,21
22,260	0,35	-0,23	-0,33
22,280	0,34	-0,24	-0,22
22,300	0,34	-0,24	-0,23
22,320	0,33	-0,25	-3,01E-4
22,340	0,33	-0,24	0,01
22,360	0,32	-0,25	-0,23
22,380	0,32	-0,25	-0,01
22,400	0,31	-0,25	0,11
22,420	0,31	-0,25	5,45E-13
22,440	0,30	-0,25	-5,45E-13
22,460	0,30	-0,25	-0,01
22,480	0,29	-0,25	0,22
22,500	0,29	-0,24	0,22
22,520	0,28	-0,24	0,10
22,540	0,28	-0,23	0,33
22,560	0,28	-0,22	0,22
22,580	0,27	-0,22	0,10
22,600	0,27	-0,22	0,32
22,620	0,26	-0,21	0,43
22,640	0,26	-0,20	0,43
22,660	0,25	-0,19	0,43
22,680	0,25	-0,19	0,32
22,700	0,25	-0,18	0,32
22,720	0,24	-0,17	0,54
22,740	0,24	-0,16	0,54
22,760	0,24	-0,15	0,43
22,780	0,23	-0,14	0,54
22,800	0,23	-0,13	0,54
22,820	0,23	-0,12	0,53
22,840	0,23	-0,11	0,65
22,860	0,22	-0,09	0,54
22,880	0,22	-0,09	0,54
22,900	0,22	-0,07	0,54
22,920	0,22	-0,06	0,53
22,940	0,22	-0,05	0,75
22,960	0,22	-0,03	0,76
22,980	0,22	-0,02	0,65
23,000	0,22	-0,01	0,65
23,020	0,22	0,00	0,54
23,040	0,22	0,01	0,53
23,060	0,22	0,03	0,64
23,080	0,22	0,04	0,64
23,100	0,22	0,05	0,64
23,120	0,22	0,06	0,64
23,140	0,22	0,08	0,65
23,160	0,22	0,09	0,54
23,180	0,22	0,10	0,53
23,200	0,23	0,11	0,65
23,220	0,23	0,12	0,54
23,240	0,23	0,13	0,54
23,260	0,23	0,15	0,54
23,280	0,24	0,15	0,43
23,300	0,24	0,16	0,43
23,320	0,24	0,17	0,43
23,340	0,25	0,18	0,54
23,360	0,25	0,19	0,44
23,380	0,26	0,20	0,21
23,400	0,26	0,20	0,43
23,420	0,26	0,21	0,44
23,440	0,27	0,22	0,21
23,460	0,27	0,22	0,33
23,480	0,28	0,23	0,22
23,500	0,28	0,23	0,10
23,520	0,29	0,24	0,22
23,540	0,29	0,24	0,11
23,560	0,30	0,24	0,10
23,580	0,30	0,24	0,22
23,600	0,31	0,25	0,00
23,620	0,31	0,24	-0,12
23,640	0,32	0,24	0,11
23,660	0,32	0,25	0,01
23,680	0,33	0,25	-0,22
23,700	0,33	0,24	-0,11
23,720	0,33	0,24	0,01
23,740	0,34	0,24	-0,21
23,760	0,34	0,23	-0,33
23,780	0,35	0,23	-0,10
23,800	0,35	0,23	-0,21
23,820	0,36	0,22	-0,33
23,840	0,36	0,22	-0,20
23,860	0,37	0,21	-0,42
23,880	0,37	0,20	-0,55
23,900	0,37	0,19	-0,32
23,920	0,38	0,19	-0,32
23,940	0,38	0,18	-0,43
23,960	0,39	0,17	-0,44
23,980	0,39	0,16	-0,32
24,000	0,39	0,16	-0,40
24,020	0,39	0,14	-0,87
24,040	0,40	0,12	-0,67
24,060	0,40	0,12	-0,19
24,080	0,40	0,11	-0,64
24,100	0,40	0,09	-0,77
24,120	0,41	0,08	-0,42
24,140	0,41	0,07	-0,65
24,160	0,41	0,06	-0,54
24,180	0,41	0,05	-0,41
24,200	0,41	0,04	-0,75
24,220	0,41	0,02	-0,77
24,240	0,41	0,01	-0,54
24,260	0,41	5,15E-4	-0,42
24,280	0,41	-0,01	-0,63
24,300	0,41	-0,02	-0,87
24,320	0,41	-0,04	-0,66
24,340	0,41	-0,05	-0,42
24,360	0,41	-0,06	-0,65
24,380	0,41	-0,08	-0,55
24,400	0,41	-0,08	-0,30
24,420	0,40	-0,09	-0,75
24,440	0,40	-0,11	-0,78
24,460	0,40	-0,12	-0,32
24,480	0,40	-0,12	-0,41
24,500	0,39	-0,14	-0,76
24,520	0,39	-0,15	-0,66
24,540	0,39	-0,16	-0,32
24,560	0,39	-0,17	-0,32
24,580	0,38	-0,18	-0,42
24,600	0,38	-0,18	-0,54
24,620	0,37	-0,20	-0,56
24,640	0,37	-0,21	-0,22
24,660	0,37	-0,21	-0,10
24,680	0,36	-0,21	-0,32
24,700	0,36	-0,22	-0,44
24,720	0,35	-0,23	-0,33
24,740	0,35	-0,23	-0,22
24,760	0,34	-0,24	-0,22
24,780	0,34	-0,24	-0,11
24,800	0,33	-0,24	0,01
24,820	0,33	-0,24	-0,10
24,840	0,32	-0,25	-0,23
24,860	0,32	-0,25	-0,01
24,880	0,31	-0,25	0,11
24,900	0,31	-0,25	5,10E-13
24,920	0,30	-0,25	-5,79E-13
24,940	0,30	-0,25	-0,01
24,960	0,30	-0,25	0,22
24,980	0,29	-0,24	0,22
25,000	0,29	-0,24	-0,01
25,020	0,28	-0,24	0,21
25,040	0,28	-0,23	0,32
25,060	0,27	-0,22	0,32
25,080	0,27	-0,22	0,33
25,100	0,26	-0,21	0,21
25,120	0,26	-0,21	0,43
25,140	0,25	-0,19	0,55
25,160	0,25	-0,19	0,32
25,180	0,25	-0,18	0,32
25,200	0,24	-0,17	0,43
25,220	0,24	-0,16	0,43
25,240	0,24	-0,16	0,54
25,260	0,23	-0,14	0,54
25,280	0,23	-0,13	0,53
25,300	0,23	-0,12	0,65
25,320	0,23	-0,11	0,54
25,340	0,22	-0,10	0,53
25,360	0,22	-0,09	0,65
25,380	0,22	-0,07	0,65
25,400	0,22	-0,06	0,65
25,420	0,22	-0,05	0,54
25,440	0,22	-0,04	0,53
25,460	0,22	-0,03	0,65
25,480	0,22	-0,01	0,65
25,500	0,22	-4,06E-4	0,64
25,520	0,22	0,01	0,64
25,540	0,22	0,03	0,65
25,560	0,22	0,04	0,54
25,580	0,22	0,05	0,53
25,600	0,22	0,06	0,76
25,620	0,22	0,08	0,65
25,640	0,22	0,09	0,43
25,660	0,22	0,09	0,53
25,680	0,23	0,11	0,64
25,700	0,23	0,12	0,65
25,720	0,23	0,13	0,54
25,740	0,23	0,14	0,43
25,760	0,24	0,15	0,54
25,780	0,24	0,16	0,54
25,800	0,24	0,17	0,43
25,820	0,25	0,18	0,43
25,840	0,25	0,19	0,32
25,860	0,25	0,19	0,32
25,880	0,26	0,20	0,43
25,900	0,26	0,21	0,32
25,920	0,27	0,21	0,32
25,940	0,27	0,22	0,33
25,960	0,28	0,23	0,21
25,980	0,28	0,23	0,21
26,000	0,28	0,24	0,21
26,020	0,29	0,24	0,22
26,040	0,29	0,25	-3,00E-4
26,060	0,30	0,24	0,00
26,080	0,30	0,24	0,11
26,100	0,31	0,24	0,00
26,120	0,31	0,24	0,11
26,140	0,32	0,25	0,01
26,160	0,32	0,25	-0,22
26,180	0,33	0,24	-0,11
26,200	0,33	0,24	0,01
26,220	0,34	0,24	-0,10
26,240	0,34	0,24	-0,21
26,260	0,35	0,23	-0,21
26,280	0,35	0,23	-0,32
26,300	0,36	0,22	-0,43
26,320	0,36	0,21	-0,33
26,340	0,37	0,21	-0,10
26,360	0,37	0,21	-0,20
26,380	0,37	0,20	-0,54
26,400	0,38	0,19	-0,55
26,420	0,38	0,18	-0,32
26,440	0,38	0,17	-0,31
26,460	0,39	0,16	-0,53
26,480	0,39	0,15	-0,65
26,500	0,39	0,14	-0,55
26,520	0,40	0,13	-0,31
26,540	0,40	0,13	-0,52
26,560	0,40	0,11	-0,87
26,580	0,40	0,09	-0,66
26,600	0,41	0,08	-0,43
26,620	0,41	0,07	-0,42
26,640	0,41	0,07	-0,53
26,660	0,41	0,05	-0,64
26,680	0,41	0,04	-0,64
26,700	0,41	0,03	-0,64
26,720	0,41	0,01	-0,64
26,740	0,41	7,71E-4	-0,65
26,760	0,41	-0,01	-0,53
26,780	0,41	-0,02	-0,64
26,800	0,41	-0,04	-0,77
26,820	0,41	-0,05	-0,42
26,840	0,41	-0,05	-0,53
26,860	0,41	-0,07	-0,66
26,880	0,41	-0,08	-0,42
26,900	0,40	-0,09	-0,65
26,920	0,40	-0,11	-0,66
26,940	0,40	-0,12	-0,42
26,960	0,40	-0,12	-0,53
26,980	0,39	-0,14	-0,76
27,000	0,39	-0,15	-0,66
27,020	0,39	-0,16	-0,32
27,040	0,39	-0,17	-0,32
27,060	0,38	-0,18	-0,32
27,080	0,38	-0,18	-0,31
27,100	0,37	-0,19	-0,54
27,120	0,37	-0,20	-0,55
27,140	0,37	-0,21	-0,33
27,160	0,36	-0,22	-0,10
27,180	0,36	-0,21	-0,20
27,200	0,35	-0,22	-0,44
27,220	0,35	-0,23	-0,22
27,240	0,34	-0,23	-0,10
27,260	0,34	-0,24	-0,22
27,280	0,34	-0,24	-0,11
27,300	0,33	-0,24	-0,11
27,320	0,33	-0,25	-0,11
27,340	0,32	-0,25	-6,94E-14
27,360	0,32	-0,25	3,47E-14
27,380	0,31	-0,25	0,00
27,400	0,31	-0,25	0,00
27,420	0,30	-0,25	0,11
27,440	0,30	-0,24	0,11
27,460	0,29	-0,24	0,10
27,480	0,29	-0,24	0,22
27,500	0,28	-0,23	0,22
27,520	0,28	-0,23	0,22
27,540	0,27	-0,22	0,21
27,560	0,27	-0,22	0,32
27,580	0,26	-0,21	0,32
27,600	0,26	-0,21	0,32
27,620	0,26	-0,20	0,43
27,640	0,25	-0,19	0,43
27,660	0,25	-0,18	0,43
27,680	0,24	-0,17	0,43
27,700	0,24	-0,16	0,54
27,720	0,24	-0,15	0,54
27,740	0,24	-0,14	0,43
27,760	0,23	-0,13	0,43
27,780	0,23	-0,13	0,43
27,800	0,23	-0,12	0,53
27,820	0,23	-0,10	0,76
27,840	0,22	-0,09	0,65
27,860	0,22	-0,08	0,53
27,880	0,22	-0,06	0,65
27,900	0,22	-0,05	0,65
27,920	0,22	-0,04	0,65
27,940	0,22	-0,03	0,54
27,960	0,22	-0,02	0,53
27,980	0,22	0,00	0,65
28,000	0,22	0,01	0,64
28,020	0,22	0,02	0,64
28,040	0,22	0,03	0,64
28,060	0,22	0,05	0,64
28,080	0,22	0,06	0,65
28,100	0,22	0,07	0,54
28,120	0,22	0,08	0,53
28,140	0,22	0,09	0,64
28,160	0,23	0,11	0,65
28,180	0,23	0,12	0,54
28,200	0,23	0,13	0,43
28,220	0,23	0,14	0,54
28,240	0,24	0,15	0,54
28,260	0,24	0,16	0,43
28,280	0,24	0,17	0,54
28,300	0,25	0,18	0,54
28,320	0,25	0,19	0,32
28,340	0,25	0,19	0,32
28,360	0,26	0,20	0,43
28,380	0,26	0,21	0,33
28,400	0,27	0,21	0,21
28,420	0,27	0,22	0,21
28,440	0,27	0,22	0,21
28,460	0,28	0,23	0,32
28,480	0,28	0,24	0,33
28,500	0,29	0,24	0,11
28,520	0,29	0,24	0,11
28,540	0,30	0,24	0,11
28,560	0,30	0,24	0,00
28,580	0,31	0,24	0,11
28,600	0,31	0,25	0,01
28,620	0,32	0,25	-0,22
28,640	0,32	0,24	-0,11
28,660	0,33	0,24	-3,47E-14
28,680	0,33	0,24	0,01
28,700	0,34	0,24	-0,10
28,720	0,34	0,24	-0,21
28,740	0,35	0,23	-0,21
28,760	0,35	0,23	-0,32
28,780	0,36	0,22	-0,33
28,800	0,36	0,22	-0,21
28,820	0,36	0,21	-0,32
28,840	0,37	0,20	-0,44
28,860	0,37	0,19	-0,32
28,880	0,38	0,19	-0,31
28,900	0,38	0,18	-0,54
28,920	0,38	0,17	-0,43
28,940	0,39	0,16	-0,42
28,960	0,39	0,15	-0,66
28,980	0,39	0,14	-0,44
29,000	0,40	0,13	-0,30
29,020	0,40	0,13	-0,64
29,040	0,40	0,11	-0,76
29,060	0,40	0,10	-0,54
29,080	0,40	0,09	-0,42
29,100	0,41	0,08	-0,52
29,120	0,41	0,07	-0,76
29,140	0,41	0,05	-0,55
29,160	0,41	0,04	-0,30
29,180	0,41	0,04	-0,64
29,200	0,41	0,02	-0,76
29,220	0,41	0,01	-0,64
29,240	0,41	-0,01	-0,75
29,260	0,41	-0,03	-0,77
29,280	0,41	-0,04	-0,43
29,300	0,41	-0,04	-0,41
29,320	0,41	-0,05	-0,77
29,340	0,41	-0,07	-0,55
29,360	0,41	-0,08	-0,30
29,380	0,40	-0,08	-0,76
29,400	0,40	-0,11	-0,67
29,420	0,40	-0,11	-0,19
29,440	0,40	-0,11	-0,63
29,460	0,40	-0,14	-0,88
29,480	0,39	-0,15	-0,54
29,500	0,39	-0,16	-0,44
29,520	0,39	-0,17	-0,32
29,540	0,38	-0,17	-0,32
29,560	0,38	-0,18	-0,43
29,580	0,38	-0,19	-0,43
29,600	0,37	-0,20	-0,44
29,620	0,37	-0,21	-0,33
29,640	0,36	-0,21	-0,21
29,660	0,36	-0,21	-0,32
29,680	0,35	-0,22	-0,33
29,700	0,35	-0,23	-0,22
29,720	0,35	-0,23	-0,22
29,740	0,34	-0,24	-0,11
29,760	0,34	-0,24	-0,10
29,780	0,33	-0,24	-0,22
29,800	0,33	-0,25	-0,11
29,820	0,32	-0,25	-5,79E-13
29,840	0,32	-0,25	6,94E-14
29,860	0,31	-0,25	3,47E-14
29,880	0,31	-0,25	0,00
29,900	0,30	-0,25	0,11
29,920	0,30	-0,24	0,11
29,940	0,29	-0,24	0,10
29,960	0,29	-0,24	0,22
29,980	0,28	-0,23	0,22
30,000	0,28	-0,23	0,22
30,020	0,27	-0,22	0,21
30,040	0,27	-0,22	0,32
30,060	0,26	-0,21	0,32
30,080	0,26	-0,21	0,32
30,100	0,26	-0,20	0,43
30,120	0,25	-0,19	0,32
30,140	0,25	-0,19	0,32
30,160	0,25	-0,18	0,54
30,180	0,24	-0,16	0,54
30,200	0,24	-0,16	0,43
30,220	0,24	-0,15	0,54
30,240	0,23	-0,13	0,54
30,260	0,23	-0,13	0,54
30,280	0,23	-0,11	0,54
30,300	0,23	-0,10	0,42
30,320	0,22	-0,10	0,64
30,340	0,22	-0,08	0,76
30,360	0,22	-0,06	0,54
30,380	0,22	-0,06	0,53
30,400	0,22	-0,04	0,65
30,420	0,22	-0,03	0,65
30,440	0,22	-0,02	0,65
30,460	0,22	0,00	0,65
30,480	0,22	0,01	0,65
30,500	0,22	0,02	0,54
30,520	0,22	0,03	0,53
30,540	0,22	0,04	0,76
30,560	0,22	0,06	0,65
30,580	0,22	0,07	0,42
30,600	0,22	0,08	0,64
30,620	0,22	0,09	0,76
30,640	0,23	0,11	0,54
30,660	0,23	0,12	0,43
30,680	0,23	0,12	0,53
30,700	0,23	0,14	0,65
30,720	0,24	0,15	0,43
30,740	0,24	0,15	0,31
30,760	0,24	0,16	0,54
30,780	0,25	0,18	0,54
30,800	0,25	0,18	0,43
30,820	0,25	0,19	0,32
30,840	0,26	0,20	0,32
30,860	0,26	0,21	0,43
30,880	0,27	0,21	0,33
30,900	0,27	0,22	0,21
30,920	0,27	0,22	0,21
30,940	0,28	0,23	0,21
30,960	0,28	0,23	0,21
30,980	0,29	0,24	0,22
31,000	0,29	0,24	0,11
31,020	0,30	0,24	0,11
31,040	0,30	0,24	0,11
31,060	0,31	0,24	-5,79E-13
31,080	0,31	0,24	0,01
31,100	0,32	0,25	-0,11
31,120	0,32	0,24	3,06E-4
31,140	0,33	0,25	0,01
31,160	0,33	0,24	-0,22
31,180	0,34	0,24	-0,11
31,200	0,34	0,24	-0,10
31,220	0,35	0,23	-0,21
31,240	0,35	0,23	-0,32
31,260	0,35	0,22	-0,33
31,280	0,36	0,22	-0,21
31,300	0,36	0,21	-0,32
31,320	0,37	0,20	-0,44
31,340	0,37	0,19	-0,32
31,360	0,38	0,19	-0,31
31,380	0,38	0,18	-0,54
31,400	0,38	0,17	-0,44
31,420	0,39	0,16	-0,21
31,440	0,39	0,16	-0,31
31,460	0,39	0,15	-0,52
31,480	0,40	0,14	-0,87
31,500	0,40	0,12	-0,78
31,520	0,40	0,11	-0,31
31,540	0,40	0,10	-0,53
31,560	0,40	0,09	-0,66
31,580	0,41	0,08	-0,42
31,600	0,41	0,07	-0,53
31,620	0,41	0,06	-0,64
31,640	0,41	0,04	-0,64
31,660	0,41	0,03	-0,64
31,680	0,41	0,02	-0,65
31,700	0,41	0,00	-0,54
31,720	0,41	0,00	-0,53
31,740	0,41	-0,02	
