Zeit (s)	Winkel (rad)	Winkelgeschwindigkeit (rad/s)	Winkelbeschleunigung (rad/s²)	Position (m)	Geschwindigkeit (m/s)	Beschleunigung (m/s²)	Zeit (s)	Winkel (rad)	Winkelgeschwindigkeit (rad/s)	Winkelbeschleunigung (rad/s²)	Position (m)	Geschwindigkeit (m/s)	Beschleunigung (m/s²)
0,050	0,000			0,0000			0,050	0,000			0,0000		
0,100	0,000	0,000		0,0000	0,000		0,100	0,000	0,000		0,0000	0,000	
0,150	0,000	0,000	0,000	0,0000	0,000	0,000	0,150	0,000	0,000	0,000	0,0000	0,000	0,000
0,200	0,000	0,000	0,000	0,0000	0,000	0,000	0,200	0,000	0,000	0,000	0,0000	0,000	0,000
0,250	0,000	0,000	0,000	0,0000	0,000	0,000	0,250	0,000	0,000	0,000	0,0000	0,000	0,000
0,300	0,000	0,000	0,000	0,0000	0,000	0,000	0,300	0,000	0,000	0,000	0,0000	0,000	0,000
0,350	0,000	0,000	0,000	0,0000	0,000	0,000	0,350	0,000	0,000	0,000	0,0000	0,000	0,000
0,400	0,000	0,000	0,000	0,0000	0,000	0,000	0,400	0,000	0,000	0,000	0,0000	0,000	0,000
0,450	0,000	0,000	0,000	0,0000	0,000	0,000	0,450	0,000	0,000	0,000	0,0000	0,000	0,000
0,500	0,000	0,000	1,885	0,0000	0,000	0,045	0,500	0,000	0,000	0,000	0,0000	0,000	0,000
0,550	0,000	0,188	16,179	0,0000	0,004	0,386	0,550	0,000	0,000	0,000	0,0000	0,000	0,000
0,600	0,019	1,618	50,894	4,5000E-4	0,039	1,215	0,600	0,000	0,000	0,000	0,0000	0,000	0,000
0,650	0,162	5,278	86,080	0,0039	0,126	2,055	0,650	0,000	0,000	0,000	0,0000	0,000	0,000
0,700	0,547	10,226	91,892	0,0130	0,244	2,194	0,700	0,000	0,000	0,000	0,0000	0,000	0,000
0,750	1,184	14,467	71,471	0,0283	0,345	1,706	0,750	0,000	0,000	0,000	0,0000	0,000	0,000
0,800	1,993	17,373	48,381	0,0476	0,415	1,155	0,800	0,000	0,000	0,000	0,0000	0,000	0,000
0,850	2,922	19,305	27,646	0,0697	0,461	0,660	0,850	0,000	0,000	0,000	0,0000	0,000	0,000
0,900	3,924	20,138	5,498	0,0937	0,481	0,131	0,900	0,000	0,000	0,000	0,0000	0,000	0,000
0,950	4,935	19,855	-12,723	0,1178	0,474	-0,304	0,950	0,000	0,000	0,000	0,0000	0,000	0,000
1,000	5,909	18,865	-25,290	0,1411	0,450	-0,604	1,000	0,000	0,000	0,000	0,0000	0,000	0,000
1,050	6,822	17,326	-35,657	0,1629	0,414	-0,851	1,050	0,000	0,000	0,000	0,0000	0,000	0,000
1,100	7,642	15,300	-43,825	0,1824	0,365	-1,046	1,100	0,000	0,000	0,000	0,0000	0,000	0,000
1,150	8,352	12,943	-47,909	0,1994	0,309	-1,144	1,150	0,000	0,000	0,000	0,0000	0,000	0,000
1,200	8,936	10,509	-42,412	0,2133	0,251	-1,012	1,200	0,000	0,000	0,942	0,0000	0,000	0,023
1,250	9,403	8,702	-26,232	0,2245	0,208	-0,626	1,250	0,000	0,094	9,896	0,0000	0,002	0,236
1,300	9,806	7,885	-9,739	0,2341	0,188	-0,233	1,300	0,009	0,990	30,316	2,2500E-4	0,024	0,724
1,350	10,191	7,728	-2,827	0,2433	0,184	-0,068	1,350	0,099	3,126	47,909	0,0024	0,075	1,144
1,400	10,579	7,603	-5,341	0,2526	0,181	-0,127	1,400	0,322	5,781	57,962	0,0077	0,138	1,384
1,450	10,952	7,194	-8,011	0,2614	0,172	-0,191	1,450	0,677	8,922	67,073	0,0162	0,213	1,601
1,500	11,299	6,802	-7,226	0,2697	0,162	-0,173	1,500	1,214	12,488	64,403	0,0290	0,298	1,538
1,550	11,632	6,472	-7,697	0,2777	0,155	-0,184	1,550	1,926	15,362	45,239	0,0460	0,367	1,080
1,600	11,946	6,032	-8,639	0,2852	0,144	-0,206	1,600	2,750	17,012	24,347	0,0657	0,406	0,581
1,650	12,235	5,608	-5,655	0,2921	0,134	-0,135	1,650	3,627	17,797	14,608	0,0866	0,425	0,349
1,700	12,507	5,466	0,157	0,2986	0,131	0,004	1,700	4,530	18,473	11,310	0,1081	0,441	0,270
1,750	12,782	5,623	8,011	0,3051	0,134	0,191	1,750	5,474	18,928	1,571	0,1307	0,452	0,037
1,800	13,069	6,267	15,708	0,3120	0,150	0,375	1,800	6,423	18,630	-11,938	0,1533	0,445	-0,285
1,850	13,408	7,194	11,467	0,3201	0,172	0,274	1,850	7,337	17,734	-19,635	0,1752	0,423	-0,469
1,900	13,788	7,414	-5,184	0,3292	0,177	-0,124	1,900	8,196	16,666	-18,692	0,1957	0,398	-0,446
1,950	14,150	6,676	-22,934	0,3378	0,159	-0,548	1,950	9,004	15,865	-13,980	0,2149	0,379	-0,334
2,000	14,456	5,121	-37,228	0,3451	0,122	-0,889	2,000	9,783	15,268	-12,723	0,2335	0,364	-0,304
2,050	14,662	2,953	-43,825	0,3500	0,070	-1,046	2,050	10,531	14,593	-10,524	0,2514	0,348	-0,251
2,100	14,751	0,738	-35,657	0,3522	0,018	-0,851	2,100	11,242	14,216	-2,513	0,2684	0,339	-0,060
2,150	14,736	-0,613	-12,881	0,3518	-0,015	-0,307	2,150	11,952	14,341	-6,912	0,2853	0,342	-0,165
2,200	14,690	-0,550	9,896	0,3507	-0,013	0,236	2,200	12,676	13,525	-28,746	0,3026	0,323	-0,686
2,250	14,681	0,377	14,137	0,3505	0,009	0,337	2,250	13,305	11,467	-49,009	0,3176	0,274	-1,170
2,300	14,728	0,864	-0,314	0,3516	0,021	-0,008	2,300	13,823	8,624	-63,460	0,3300	0,206	-1,515
2,350	14,767	0,346	-9,268	0,3525	0,008	-0,221	2,350	14,167	5,121	-62,832	0,3382	0,122	-1,500
2,400	14,762	-0,063	-2,827	0,3524	-0,002	-0,067	2,400	14,335	2,340	-40,998	0,3422	0,056	-0,979
2,450	14,761	0,063	1,571	0,3524	0,001	0,038	2,450	14,401	1,021	-8,011	0,3438	0,024	-0,191
2,500	14,769	0,094	0,157	0,3526	0,002	0,004	2,500	14,437	1,539	27,018	0,3447	0,037	0,645
2,550	14,770	0,079	0,314	0,3526	0,002	0,007	2,550	14,555	3,723	15,080	0,3475	0,089	0,360
2,600	14,776	0,126	0,000	0,3528	0,003	0,000	2,600	14,809	3,047	-41,312	0,3535	0,073	-0,986
2,650	14,783	0,079	-1,100	0,3529	0,002	-0,026	2,650	14,860	-0,408	-32,673	0,3547	-0,010	-0,780
2,700	14,784	0,016	-0,942	0,3529	3,750E-4	-0,023	2,700	14,769	-0,220	10,996	0,3526	-0,005	0,262
2,750	14,784	-0,016	-0,785	0,3529	-3,750E-4	-0,019	2,750	14,838	0,691	3,142	0,3542	0,016	0,075
2,800	14,783	-0,063	-1,728	0,3529	-0,002	-0,041	2,800	14,838	0,094	-5,969	0,3542	0,002	-0,143
2,850	14,778	-0,188	-18,378	0,3528	-0,005	-0,439	2,850	14,847	0,094	-1,257	0,3544	0,002	-0,030
2,900	14,764	-1,901	-71,157	0,3525	-0,045	-1,699	2,900	14,847	-0,031	-1,257	0,3544	-7,500E-4	-0,030
2,950	14,588	-7,304	-129,748	0,3483	-0,174	-3,098	2,950	14,844	-0,031	0,471	0,3544	-7,500E-4	0,011
3,000	14,034	-14,875	-148,755	0,3350	-0,355	-3,551	3,000	14,844	0,016	1,414	0,3544	3,750E-4	0,034
3,050	13,100	-22,180	-139,330	0,3127	-0,529	-3,326	3,050	14,846	0,110	0,785	0,3544	0,003	0,019
3,100	11,816	-28,808	-123,308	0,2821	-0,688	-2,944	3,100	14,855	0,094	-1,257	0,3546	0,002	-0,030
3,150	10,220	-34,510	-102,259	0,2440	-0,824	-2,441	3,150	14,855	-0,016	-1,571	0,3546	-3,750E-4	-0,038
3,200	8,364	-39,034	-79,325	0,1997	-0,932	-1,894	3,200	14,853	-0,063	-1,100	0,3546	-0,002	-0,026
3,250	6,316	-42,443	-57,177	0,1508	-1,013	-1,365	3,250	14,849	-0,126	-4,869	0,3545	-0,003	-0,116
3,300	4,120	-44,752	-31,887	0,0984	-1,068	-0,761	3,300	14,841	-0,550	-20,735	0,3543	-0,013	-0,495
3,350	1,841	-45,632	-4,712	0,0439	-1,089	-0,112	3,350	14,794	-2,199	-53,407	0,3532	-0,052	-1,275
3,400	-0,443	-45,223	21,206	-0,0106	-1,080	0,506	3,400	14,621	-5,890	-98,960	0,3490	-0,141	-2,362
3,450	-2,681	-43,511	48,223	-0,0640	-1,039	1,151	3,450	14,205	-12,095	-135,717	0,3391	-0,289	-3,240
3,500	-4,794	-40,401	72,885	-0,1145	-0,965	1,740	3,500	13,411	-19,462	-142,000	0,3202	-0,465	-3,390
3,550	-6,721	-36,223	93,934	-0,1605	-0,865	2,243	3,550	12,259	-26,295	-128,648	0,2926	-0,628	-3,071
3,600	-8,416	-31,008	113,883	-0,2009	-0,740	2,719	3,600	10,782	-32,327	-109,485	0,2574	-0,772	-2,614
3,650	-9,822	-24,834	130,533	-0,2345	-0,593	3,116	3,650	9,026	-37,244	-87,022	0,2155	-0,889	-2,078
3,700	-10,900	-17,954	142,314	-0,2602	-0,429	3,398	3,700	7,058	-41,029	-65,031	0,1685	-0,980	-1,553
3,750	-11,618	-10,603	149,069	-0,2774	-0,253	3,559	3,750	4,923	-43,747	-40,841	0,1175	-1,044	-0,975
3,800	-11,960	-3,047	148,912	-0,2855	-0,073	3,555	3,800	2,683	-45,113	-14,137	0,0640	-1,077	-0,337
3,850	-11,922	4,288	141,058	-0,2846	0,102	3,367	3,850	0,412	-45,160	11,624	0,0098	-1,078	0,277
3,900	-11,531	11,058	130,219	-0,2753	0,264	3,109	3,900	-1,833	-43,951	38,170	-0,0438	-1,049	0,911
3,950	-10,817	17,310	120,009	-0,2582	0,413	2,865	3,950	-3,984	-41,343	63,931	-0,0951	-0,987	1,526
4,000	-9,800	23,059	107,600	-0,2340	0,551	2,569	4,000	-5,967	-37,558	85,766	-0,1425	-0,897	2,048
4,050	-8,511	28,070	90,478	-0,2032	0,670	2,160	4,050	-7,739	-32,767	106,186	-0,1848	-0,782	2,535
4,100	-6,993	32,107	70,058	-0,1670	0,766	1,673	4,100	-9,244	-26,939	124,721	-0,2207	-0,643	2,977
4,150	-5,300	35,076	49,951	-0,1265	0,837	1,193	4,150	-10,433	-20,295	138,073	-0,2491	-0,485	3,296
4,200	-3,486	37,102	28,589	-0,0832	0,886	0,683	4,200	-11,274	-13,132	146,398	-0,2691	-0,314	3,495
4,250	-1,590	37,935	3,299	-0,0380	0,906	0,079	4,250	-11,746	-5,655	148,755	-0,2804	-0,135	3,551
4,300	0,308	37,432	-19,007	0,0073	0,894	-0,454	4,300	-11,839	1,744	143,100	-0,2826	0,042	3,416
4,350	2,154	36,034	-37,228	0,0514	0,860	-0,889	4,350	-11,572	8,655	133,204	-0,2763	0,207	3,180
4,400	3,911	33,709	-56,706	0,0934	0,805	-1,354	4,400	-10,974	15,064	123,465	-0,2620	0,360	2,948
4,450	5,524	30,364	-75,398	0,1319	0,725	-1,800	4,450	-10,066	21,002	112,155	-0,2403	0,501	2,678
4,500	6,948	26,169	-90,164	0,1659	0,625	-2,153	4,500	-8,873	26,279	96,133	-0,2118	0,627	2,295
4,550	8,141	21,347	-101,002	0,1944	0,510	-2,411	4,550	-7,438	30,615	76,027	-0,1776	0,731	1,815
4,600	9,082	16,069	-109,485	0,2168	0,384	-2,614	4,600	-5,812	33,882	55,920	-0,1388	0,809	1,335
4,650	9,748	10,399	-115,454	0,2327	0,248	-2,756	4,650	-4,050	36,207	36,128	-0,0967	0,864	0,863
4,700	10,122	4,524	-117,181	0,2416	0,108	-2,798	4,700	-2,191	37,495	12,723	-0,0523	0,895	0,304
4,750	10,201	-1,319	-114,511	0,2435	-0,031	-2,734	4,750	-0,300	37,479	-11,310	-0,0072	0,895	-0,270
4,800	9,990	-6,927	-108,699	0,2385	-0,165	-2,595	4,800	1,557	36,364	-31,102	0,0372	0,868	-0,742
4,850	9,508	-12,189	-100,845	0,2270	-0,291	-2,408	4,850	3,336	34,369	-49,951	0,0796	0,821	-1,192
4,900	8,771	-17,012	-90,949	0,2094	-0,406	-2,171	4,900	4,994	31,369	-69,115	0,1192	0,749	-1,650
4,950	7,807	-21,284	-79,168	0,1864	-0,508	-1,890	4,950	6,473	27,458	-84,980	0,1545	0,656	-2,029
5,000	6,643	-24,929	-65,816	0,1586	-0,595	-1,571	5,000	7,739	22,871	-96,918	0,1848	0,546	-2,314
5,050	5,314	-27,866	-50,580	0,1269	-0,665	-1,207	5,050	8,760	17,766	-106,029	0,2091	0,424	-2,531
5,100	3,856	-29,987	-32,830	0,0921	-0,716	-0,784	5,100	9,516	12,268	-112,940	0,2272	0,293	-2,696
5,150	2,315	-31,149	-14,294	0,0553	-0,744	-0,341	5,150	9,987	6,472	-116,396	0,2384	0,155	-2,779
5,200	0,741	-31,416	3,299	0,0177	-0,750	0,079	5,200	10,163	0,628	-114,982	0,2426	0,015	-2,745
5,250	-0,826	-30,819	21,363	-0,0197	-0,736	0,510	5,250	10,050	-5,027	-109,956	0,2399	-0,120	-2,625
5,300	-2,340	-29,280	39,898	-0,0559	-0,699	0,953	5,300	9,660	-10,367	-102,887	0,2306	-0,247	-2,456
5,350	-3,754	-26,829	56,549	-0,0896	-0,640	1,350	5,350	9,013	-15,315	-93,777	0,2152	-0,366	-2,239
5,400	-5,023	-23,625	70,058	-0,1199	-0,564	1,672	5,400	8,129	-19,745	-82,467	0,1941	-0,471	-1,969
5,450	-6,117	-19,823	81,681	-0,1460	-0,473	1,950	5,450	7,039	-23,562	-69,900	0,1680	-0,563	-1,669
5,500	-7,006	-15,457	91,892	-0,1673	-0,369	2,194	5,500	5,773	-26,735	-55,763	0,1378	-0,638	-1,331
5,550	-7,662	-10,634	99,117	-0,1829	-0,254	2,366	5,550	4,365	-29,138	-38,642	0,1042	-0,696	-0,923
5,600	-8,069	-5,545	101,945	-0,1926	-0,132	2,434	5,600	2,859	-30,599	-19,949	0,0682	-0,731	-0,476
5,650	-8,217	-0,440	100,217	-0,1962	-0,010	2,393	5,650	1,305	-31,133	-2,356	0,0312	-0,743	-0,056
5,700	-8,113	4,477	95,347	-0,1937	0,107	2,276	5,700	-0,254	-30,835	14,923	-0,0061	-0,736	0,356
5,750	-7,769	9,095	88,122	-0,1855	0,217	2,104	5,750	-1,778	-29,641	33,144	-0,0425	-0,708	0,791
5,800	-7,204	13,289	78,854	-0,1720	0,317	1,882	5,800	-3,219	-27,520	50,737	-0,0768	-0,657	1,211
5,850	-6,440	16,980	68,016	-0,1538	0,405	1,624	5,850	-4,530	-24,567	65,188	-0,1081	-0,587	1,556
5,900	-5,506	20,091	56,235	-0,1314	0,480	1,343	5,900	-5,675	-21,002	77,126	-0,1355	-0,501	1,841
5,950	-4,431	22,604	43,825	-0,1058	0,540	1,046	5,950	-6,630	-16,855	87,965	-0,1583	-0,402	2,100
6,000	-3,245	24,473	28,903	-0,0775	0,584	0,690	6,000	-7,361	-12,205	96,133	-0,1757	-0,291	2,295
6,050	-1,984	25,494	12,566	-0,0474	0,609	0,300	6,050	-7,851	-7,241	100,688	-0,1874	-0,173	2,404
6,100	-0,696	25,730	-3,142	-0,0166	0,614	-0,075	6,100	-8,085	-2,136	100,531	-0,1930	-0,051	2,400
6,150	0,589	25,180	-18,378	0,0141	0,601	-0,439	6,150	-8,064	2,812	96,290	-0,1925	0,067	2,299
6,200	1,822	23,892	-31,102	0,0435	0,570	-0,743	6,200	-7,804	7,493	90,164	-0,1863	0,179	2,152
6,250	2,978	22,070	-42,569	0,0711	0,527	-1,016	6,250	-7,315	11,828	81,839	-0,1746	0,282	1,954
6,300	4,029	19,635	-54,350	0,0962	0,469	-1,297	6,300	-6,621	15,677	71,471	-0,1581	0,374	1,706
6,350	4,942	16,635	-64,089	0,1180	0,397	-1,530	6,350	-5,748	18,975	60,004	-0,1372	0,453	1,433
6,400	5,693	13,226	-71,314	0,1359	0,316	-1,703	6,400	-4,723	21,677	47,595	-0,1128	0,518	1,136
6,450	6,264	9,503	-76,655	0,1495	0,227	-1,830	6,450	-3,580	23,735	33,772	-0,0855	0,567	0,806
6,500	6,643	5,561	-79,482	0,1586	0,133	-1,897	6,500	-2,350	25,054	18,378	-0,0561	0,598	0,439
6,550	6,820	1,555	-78,697	0,1628	0,037	-1,879	6,550	-1,074	25,573	2,042	-0,0256	0,610	0,049
6,600	6,798	-2,309	-75,084	0,1623	-0,055	-1,793	6,600	0,207	25,258	-13,509	0,0050	0,603	-0,322
6,650	6,589	-5,953	-70,529	0,1573	-0,142	-1,684	6,650	1,451	24,222	-26,546	0,0347	0,578	-0,634
6,700	6,203	-9,362	-65,031	0,1481	-0,224	-1,552	6,700	2,630	22,604	-38,485	0,0628	0,540	-0,919
6,750	5,653	-12,456	-58,277	0,1350	-0,297	-1,391	6,750	3,712	20,373	-50,580	0,0886	0,486	-1,208
6,800	4,957	-15,190	-49,951	0,1183	-0,363	-1,193	6,800	4,667	17,546	-61,104	0,1114	0,419	-1,459
6,850	4,134	-17,452	-40,055	0,0987	-0,417	-0,956	6,850	5,466	14,263	-68,958	0,1305	0,341	-1,646
6,900	3,212	-19,195	-28,746	0,0767	-0,458	-0,686	6,900	6,093	10,650	-74,770	0,1455	0,254	-1,785
6,950	2,215	-20,326	-16,650	0,0529	-0,485	-0,397	6,950	6,531	6,786	-78,383	0,1559	0,162	-1,871
7,000	1,180	-20,860	-4,869	0,0282	-0,498	-0,116	7,000	6,772	2,812	-78,697	0,1617	0,067	-1,879
7,050	0,129	-20,813	7,226	0,0031	-0,497	0,172	7,050	6,813	-1,084	-75,870	0,1626	-0,026	-1,811
7,100	-0,902	-20,138	19,321	-0,0215	-0,481	0,461	7,100	6,663	-4,775	-71,628	0,1591	-0,114	-1,710
7,150	-1,885	-18,881	31,102	-0,0450	-0,451	0,743	7,150	6,335	-8,247	-66,759	0,1512	-0,197	-1,594
7,200	-2,790	-17,027	41,783	-0,0666	-0,407	0,998	7,200	5,839	-11,451	-60,319	0,1394	-0,273	-1,440
7,250	-3,588	-14,703	50,266	-0,0857	-0,351	1,200	7,250	5,190	-14,279	-52,150	0,1239	-0,341	-1,245
7,300	-4,260	-12,001	57,177	-0,1017	-0,286	1,365	7,300	4,411	-16,666	-42,883	0,1053	-0,398	-1,024
7,350	-4,788	-8,985	62,361	-0,1143	-0,215	1,489	7,350	3,523	-18,567	-32,044	0,0841	-0,443	-0,765
7,400	-5,158	-5,765	65,502	-0,1232	-0,138	1,564	7,400	2,554	-19,871	-20,106	0,0610	-0,474	-0,480
7,450	-5,364	-2,435	65,973	-0,1281	-0,058	1,575	7,450	1,536	-20,577	-8,482	0,0367	-0,491	-0,203
7,500	-5,402	0,833	63,460	-0,1290	0,020	1,515	7,500	0,496	-20,719	3,299	0,0119	-0,495	0,079
7,550	-5,281	3,911	59,533	-0,1261	0,093	1,421	7,550	-0,536	-20,248	15,551	-0,0128	-0,483	0,371
7,600	-5,011	6,786	54,821	-0,1196	0,162	1,309	7,600	-1,528	-19,164	27,175	-0,0365	-0,457	0,649
7,650	-4,602	9,393	49,166	-0,1099	0,224	1,174	7,650	-2,452	-17,530	37,856	-0,0585	-0,419	0,904
7,700	-4,072	11,702	42,412	-0,0972	0,279	1,012	7,700	-3,281	-15,378	47,281	-0,0783	-0,367	1,129
7,750	-3,432	13,635	34,243	-0,0819	0,325	0,817	7,750	-3,990	-12,802	54,664	-0,0952	-0,306	1,305
7,800	-2,708	15,127	24,819	-0,0647	0,361	0,593	7,800	-4,562	-9,912	60,319	-0,1089	-0,237	1,440
7,850	-1,920	16,116	14,608	-0,0458	0,385	0,349	7,850	-4,981	-6,770	64,403	-0,1189	-0,162	1,537
7,900	-1,096	16,588	4,555	-0,0262	0,396	0,109	7,900	-5,239	-3,471	65,816	-0,1251	-0,083	1,571
7,950	-0,261	16,572	-5,341	-0,0062	0,396	-0,128	7,950	-5,328	-0,188	63,931	-0,1272	-0,004	1,526
8,000	0,561	16,054	-14,923	0,0134	0,383	-0,356	8,000	-5,257	2,922	60,319	-0,1255	0,070	1,440
8,050	1,345	15,080	-23,405	0,0321	0,360	-0,559	8,050	-5,036	5,843	56,077	-0,1202	0,139	1,339
8,100	2,069	13,713	-30,788	0,0494	0,327	-0,735	8,100	-4,673	8,529	50,737	-0,1116	0,204	1,211
8,150	2,716	12,001	-37,699	0,0648	0,287	-0,900	8,150	-4,183	10,917	44,296	-0,0999	0,261	1,058
8,200	3,269	9,943	-43,511	0,0780	0,237	-1,039	8,200	-3,581	12,959	36,757	-0,0855	0,309	0,878
8,250	3,710	7,650	-47,595	0,0886	0,183	-1,136	8,250	-2,887	14,593	27,960	-0,0689	0,348	0,667
8,300	4,034	5,184	-50,737	0,0963	0,124	-1,211	8,300	-2,122	15,755	18,378	-0,0507	0,376	0,439
8,350	4,229	2,576	-51,522	0,1009	0,062	-1,230	8,350	-1,312	16,431	8,168	-0,0313	0,392	0,195
8,400	4,291	0,031	-49,166	0,1024	7,500E-4	-1,174	8,400	-0,479	16,572	-2,199	-0,0114	0,396	-0,053
8,450	4,232	-2,340	-45,867	0,1010	-0,056	-1,095	8,450	0,346	16,211	-11,938	0,0083	0,387	-0,285
8,500	4,057	-4,555	-42,883	0,0969	-0,109	-1,024	8,500	1,142	15,378	-20,735	0,0273	0,367	-0,495
8,550	3,776	-6,629	-39,113	0,0901	-0,158	-0,934	8,550	1,883	14,137	-28,431	0,0450	0,338	-0,679
8,600	3,394	-8,467	-34,243	0,0810	-0,202	-0,817	8,600	2,556	12,535	-35,500	0,0610	0,299	-0,848
8,650	2,930	-10,053	-28,746	0,0699	-0,240	-0,686	8,650	3,137	10,587	-41,626	0,0749	0,253	-0,994
8,700	2,389	-11,341	-21,834	0,0570	-0,271	-0,521	8,700	3,614	8,372	-46,496	0,0863	0,200	-1,110
8,750	1,795	-12,237	-14,451	0,0429	-0,292	-0,345	8,750	3,974	5,938	-49,794	0,0949	0,142	-1,189
8,800	1,166	-12,786	-7,226	0,0278	-0,305	-0,172	8,800	4,208	3,393	-51,051	0,1005	0,081	-1,219
8,850	0,517	-12,959	0,314	0,0123	-0,309	0,008	8,850	4,313	0,833	-50,266	0,1030	0,020	-1,200
8,900	-0,130	-12,755	8,168	-0,0031	-0,304	0,195	8,900	4,291	-1,634	-47,438	0,1025	-0,039	-1,132
8,950	-0,759	-12,142	15,865	-0,0181	-0,290	0,379	8,950	4,150	-3,911	-43,668	0,0991	-0,093	-1,043
9,000	-1,345	-11,168	22,462	-0,0321	-0,267	0,536	9,000	3,900	-6,000	-40,055	0,0931	-0,143	-0,956
9,050	-1,876	-9,896	28,117	-0,0448	-0,236	0,671	9,050	3,550	-7,917	-35,971	0,0848	-0,189	-0,859
9,100	-2,334	-8,357	32,987	-0,0557	-0,200	0,787	9,100	3,109	-9,598	-30,631	0,0742	-0,229	-0,731
9,150	-2,711	-6,597	37,856	-0,0647	-0,158	0,904	9,150	2,590	-10,980	-24,033	0,0618	-0,262	-0,574
9,200	-2,994	-4,571	41,155	-0,0715	-0,109	0,983	9,200	2,011	-12,001	-16,650	0,0480	-0,287	-0,398
9,250	-3,168	-2,482	40,998	-0,0756	-0,059	0,979	9,250	1,390	-12,645	-9,268	0,0332	-0,302	-0,221
9,300	-3,242	-0,471	39,270	-0,0774	-0,011	0,937	9,300	0,746	-12,928	-1,728	0,0178	-0,309	-0,041
9,350	-3,215	1,445	36,443	-0,0768	0,035	0,870	9,350	0,097	-12,818	5,969	0,0023	-0,306	0,142
9,400	-3,098	3,173	33,301	-0,0740	0,076	0,795	9,400	-0,536	-12,331	13,509	-0,0128	-0,294	0,323
9,450	-2,898	4,775	30,631	-0,0692	0,114	0,731	9,450	-1,136	-11,467	20,577	-0,0271	-0,274	0,491
9,500	-2,620	6,236	27,018	-0,0626	0,149	0,645	9,500	-1,682	-10,273	26,546	-0,0402	-0,245	0,634
9,550	-2,275	7,477	22,462	-0,0543	0,178	0,536	9,550	-2,163	-8,812	31,730	-0,0516	-0,210	0,758
9,600	-1,872	8,482	17,279	-0,0447	0,202	0,413	9,600	-2,564	-7,100	35,971	-0,0612	-0,169	0,859
9,650	-1,426	9,205	11,624	-0,0341	0,220	0,278	9,650	-2,873	-5,215	38,956	-0,0686	-0,125	0,930
9,700	-0,952	9,645	5,812	-0,0227	0,230	0,139	9,700	-3,085	-3,204	40,684	-0,0736	-0,077	0,971
9,750	-0,462	9,786	-0,157	-0,0110	0,234	-0,004	9,750	-3,193	-1,147	40,055	-0,0762	-0,027	0,956
9,800	0,027	9,629	-5,969	6,3750E-4	0,230	-0,142	9,800	-3,200	0,801	37,542	-0,0764	0,019	0,896
9,850	0,501	9,189	-11,624	0,0120	0,219	-0,277	9,850	-3,113	2,608	34,715	-0,0743	0,062	0,829
9,900	0,946	8,467	-16,965	0,0226	0,202	-0,405	9,900	-2,939	4,273	31,730	-0,0702	0,102	0,758
9,950	1,348	7,493	-21,206	0,0322	0,179	-0,506	9,950	-2,686	5,781	28,274	-0,0641	0,138	0,675
10,000	1,695	6,346	-24,347	0,0405	0,152	-0,581	10,000	-2,361	7,100	23,876	-0,0564	0,170	0,570
10,050	1,982	5,058	-27,332	0,0473	0,121	-0,652	10,050	-1,976	8,168	19,007	-0,0472	0,195	0,454
10,100	2,201	3,613	-29,845	0,0525	0,086	-0,712	10,100	-1,544	9,001	13,823	-0,0369	0,215	0,330
10,150	2,344	2,073	-30,788	0,0559	0,050	-0,735	10,150	-1,076	9,550	7,697	-0,0257	0,228	0,184
10,200	2,408	0,534	-29,845	0,0575	0,013	-0,713	10,200	-0,589	9,770	1,571	-0,0141	0,233	0,038
10,250	2,397	-0,911	-27,489	0,0572	-0,022	-0,656	10,250	-0,099	9,708	-4,084	-0,0024	0,232	-0,097
10,300	2,317	-2,215	-24,662	0,0553	-0,053	-0,589	10,300	0,382	9,362	-9,739	0,0091	0,224	-0,232
10,350	2,176	-3,377	-22,148	0,0519	-0,081	-0,529	10,350	0,837	8,734	-15,080	0,0200	0,209	-0,360
10,400	1,979	-4,430	-19,478	0,0472	-0,106	-0,465	10,400	1,255	7,854	-19,792	0,0300	0,188	-0,473
10,450	1,733	-5,325	-16,336	0,0414	-0,127	-0,390	10,450	1,623	6,754	-23,405	0,0387	0,161	-0,559
10,500	1,447	-6,063	-12,881	0,0345	-0,145	-0,307	10,500	1,931	5,513	-26,389	0,0461	0,132	-0,630
10,550	1,126	-6,613	-8,639	0,0269	-0,158	-0,206	10,550	2,174	4,115	-29,217	0,0519	0,098	-0,697
10,600	0,785	-6,927	-4,398	0,0187	-0,165	-0,105	10,600	2,342	2,592	-30,473	0,0559	0,062	-0,727
10,650	0,434	-7,053	-0,314	0,0103	-0,168	-0,008	10,650	2,433	1,068	-30,002	0,0581	0,026	-0,716
10,700	0,080	-6,959	4,084	0,0019	-0,166	0,098	10,700	2,449	-0,408	-28,431	0,0585	-0,010	-0,679
10,750	-0,262	-6,644	8,325	-0,0063	-0,159	0,199	10,750	2,392	-1,775	-25,918	0,0571	-0,042	-0,619
10,800	-0,584	-6,126	12,252	-0,0140	-0,146	0,292	10,800	2,271	-3,000	-23,091	0,0542	-0,072	-0,551
10,850	-0,875	-5,419	15,394	-0,0209	-0,129	0,367	10,850	2,092	-4,084	-20,420	0,0500	-0,098	-0,488
10,900	-1,126	-4,587	17,907	-0,0269	-0,110	0,428	10,900	1,863	-5,042	-17,593	0,0445	-0,120	-0,420
10,950	-1,334	-3,629	20,263	-0,0318	-0,087	0,484	10,950	1,588	-5,843	-13,980	0,0379	-0,139	-0,334
11,000	-1,489	-2,560	21,991	-0,0356	-0,061	0,525	11,000	1,279	-6,440	-10,053	0,0305	-0,154	-0,240
11,050	-1,590	-1,429	22,305	-0,0380	-0,034	0,532	11,050	0,944	-6,849	-5,969	0,0225	-0,164	-0,142
11,100	-1,632	-0,330	20,892	-0,0390	-0,008	0,499	11,100	0,594	-7,037	-1,571	0,0142	-0,168	-0,037
11,150	-1,623	0,660	18,535	-0,0387	0,016	0,442	11,150	0,240	-7,006	2,827	0,0057	-0,167	0,068
11,200	-1,566	1,524	16,179	-0,0374	0,036	0,386	11,200	-0,107	-6,754	6,912	-0,0025	-0,161	0,165
11,250	-1,470	2,278	14,294	-0,0351	0,054	0,341	11,250	-0,435	-6,315	10,681	-0,0104	-0,151	0,255
11,300	-1,338	2,953	12,566	-0,0320	0,071	0,300	11,300	-0,738	-5,686	14,294	-0,0176	-0,136	0,341
11,350	-1,175	3,534	10,681	-0,0281	0,084	0,255	11,350	-1,004	-4,885	17,122	-0,0240	-0,117	0,409
11,400	-0,985	4,021	8,325	-0,0235	0,096	0,199	11,400	-1,227	-3,974	19,321	-0,0293	-0,095	0,461
11,450	-0,773	4,367	5,341	-0,0185	0,104	0,128	11,450	-1,401	-2,953	21,206	-0,0334	-0,071	0,506
11,500	-0,548	4,555	2,513	-0,0131	0,109	0,060	11,500	-1,522	-1,854	22,305	-0,0363	-0,044	0,532
11,550	-0,317	4,618	0,000	-0,0076	0,110	0,000	11,550	-1,587	-0,723	21,991	-0,0379	-0,017	0,525
11,600	-0,086	4,555	-2,827	-0,0021	0,109	-0,067	11,600	-1,594	0,346	19,635	-0,0381	0,008	0,469
11,650	0,138	4,335	-5,655	0,0033	0,104	-0,135	11,650	-1,552	1,241	16,808	-0,0370	0,030	0,401
11,700	0,347	3,990	-8,011	0,0083	0,095	-0,191	11,700	-1,470	2,026	15,080	-0,0351	0,048	0,360
11,750	0,537	3,534	-10,210	0,0128	0,084	-0,244	11,750	-1,349	2,749	13,509	-0,0322	0,066	0,323
11,800	0,701	2,969	-11,938	0,0167	0,071	-0,285	11,800	-1,195	3,377	11,467	-0,0285	0,081	0,274
11,850	0,834	2,340	-13,195	0,0199	0,056	-0,315	11,850	-1,012	3,896	8,954	-0,0241	0,093	0,214
11,900	0,935	1,649	-14,137	0,0223	0,039	-0,338	11,900	-0,806	4,273	6,283	-0,0192	0,102	0,150
11,950	0,999	0,927	-14,294	0,0238	0,022	-0,341	11,950	-0,584	4,524	3,613	-0,0139	0,108	0,086
12,000	1,027	0,220	-12,881	0,0245	0,005	-0,307	12,000	-0,353	4,634	0,785	-0,0084	0,111	0,019
12,050	1,021	-0,361	-10,524	0,0244	-0,009	-0,251	12,050	-0,121	4,602	-2,042	-0,0029	0,110	-0,049
12,100	0,991	-0,833	-8,954	0,0237	-0,020	-0,214	12,100	0,107	4,430	-4,712	0,0026	0,106	-0,112
12,150	0,938	-1,257	-7,854	0,0224	-0,030	-0,188	12,150	0,322	4,131	-7,226	0,0077	0,099	-0,172
12,200	0,866	-1,618	-6,912	0,0207	-0,039	-0,165	12,200	0,520	3,707	-9,582	0,0124	0,089	-0,229
12,250	0,776	-1,948	-5,812	0,0185	-0,047	-0,139	12,250	0,693	3,173	-11,310	0,0165	0,076	-0,270
12,300	0,671	-2,199	-4,241	0,0160	-0,052	-0,101	12,300	0,837	2,576	-12,566	0,0200	0,061	-0,300
12,350	0,556	-2,372	-2,827	0,0133	-0,057	-0,068	12,350	0,950	1,916	-13,823	0,0227	0,046	-0,330
12,400	0,434	-2,482	-1,257	0,0103	-0,059	-0,030	12,400	1,029	1,194	-14,451	0,0246	0,029	-0,345
12,450	0,308	-2,498	0,314	0,0073	-0,060	0,008	12,450	1,070	0,471	-13,666	0,0255	0,011	-0,326
12,500	0,184	-2,450	1,728	0,0044	-0,059	0,041	12,500	1,076	-0,173	-11,781	0,0257	-0,004	-0,281
12,550	0,063	-2,325	3,142	0,0015	-0,055	0,075	12,550	1,052	-0,707	-9,896	0,0251	-0,017	-0,236
12,600	-0,049	-2,136	4,398	-0,0012	-0,051	0,105	12,600	1,005	-1,162	-8,482	0,0240	-0,028	-0,203
12,650	-0,151	-1,885	5,655	-0,0036	-0,045	0,135	12,650	0,936	-1,555	-7,383	0,0224	-0,037	-0,176
12,700	-0,237	-1,571	6,597	-0,0057	-0,038	0,158	12,700	0,850	-1,901	-6,283	0,0203	-0,045	-0,150
12,750	-0,308	-1,225	7,383	-0,0074	-0,029	0,176	12,750	0,746	-2,183	-4,712	0,0178	-0,052	-0,112
12,800	-0,360	-0,833	7,854	-0,0086	-0,020	0,187	12,800	0,631	-2,372	-2,985	0,0151	-0,057	-0,071
12,850	-0,391	-0,440	7,383	-0,0093	-0,011	0,176	12,850	0,509	-2,482	-1,414	0,0122	-0,059	-0,034
12,900	-0,404	-0,094	5,969	-0,0096	-0,002	0,143	12,900	0,383	-2,513	-0,157	0,0092	-0,060	-0,004
12,950	-0,401	0,157	4,084	-0,0096	0,004	0,098	12,950	0,258	-2,498	0,942	0,0062	-0,060	0,023
13,000	-0,388	0,314	2,670	-0,0093	0,008	0,064	13,000	0,134	-2,419	2,670	0,0032	-0,058	0,064
13,050	-0,369	0,424	2,199	-0,0088	0,010	0,052	13,050	0,016	-2,231	4,241	3,7500E-4	-0,053	0,101
13,100	-0,346	0,534	1,885	-0,0083	0,013	0,045	13,100	-0,090	-1,995	5,027	-0,0021	-0,048	0,120
13,150	-0,316	0,613	1,257	-0,0075	0,015	0,030	13,150	-0,184	-1,728	6,126	-0,0044	-0,041	0,146
13,200	-0,284	0,660	0,785	-0,0068	0,016	0,019	13,200	-0,262	-1,382	7,226	-0,0063	-0,033	0,173
13,250	-0,250	0,691	0,314	-0,0060	0,017	0,007	13,250	-0,322	-1,005	7,854	-0,0077	-0,024	0,188
13,300	-0,215	0,691	-0,157	-0,0051	0,016	-0,004	13,300	-0,363	-0,597	8,011	-0,0087	-0,014	0,191
13,350	-0,181	0,675	-0,785	-0,0043	0,016	-0,019	13,350	-0,382	-0,204	6,912	-0,0091	-0,005	0,165
13,400	-0,148	0,613	-1,257	-0,0035	0,015	-0,030	13,400	-0,383	0,094	5,184	-0,0091	0,002	0,124
13,450	-0,119	0,550	-1,257	-0,0029	0,013	-0,030	13,450	-0,372	0,314	3,927	-0,0089	0,008	0,094
13,500	-0,093	0,487	-1,571	-0,0022	0,012	-0,038	13,500	-0,352	0,487	3,142	-0,0084	0,012	0,075
13,550	-0,071	0,393	-1,885	-0,0017	0,009	-0,045	13,550	-0,324	0,628	2,356	-0,0077	0,015	0,056
13,600	-0,053	0,298	-2,042	-0,0013	0,007	-0,049	13,600	-0,289	0,723	1,728	-0,0069	0,017	0,041
13,650	-0,041	0,188	-2,199	-9,7500E-4	0,005	-0,053	13,650	-0,251	0,801	1,414	-0,0060	0,019	0,034
13,700	-0,035	0,079	-1,728	-8,2500E-4	0,002	-0,041	13,700	-0,209	0,864	0,785	-0,0050	0,021	0,019
13,750	-0,033	0,016	-0,785	-7,8750E-4	3,750E-4	-0,019	13,750	-0,165	0,880	0,157	-0,0039	0,021	0,004
13,800	-0,033	0,000	-0,157	-7,8750E-4	0,000	-0,004	13,800	-0,121	0,880	-0,314	-0,0029	0,021	-0,008
13,850	-0,033	0,000	0,000	-7,8750E-4	0,000	0,000	13,850	-0,077	0,848	-0,942	-0,0018	0,020	-0,022
13,900	-0,033	0,000	0,000	-7,8750E-4	0,000	0,000	13,900	-0,036	0,785	-1,414	-8,6250E-4	0,019	-0,034
13,950	-0,033	0,000	0,000	-7,8750E-4	0,000	0,000	13,950	0,002	0,707	-1,885	3,7500E-5	0,017	-0,045
14,000	-0,033	0,000	0,000	-7,8750E-4	0,000	0,000	14,000	0,035	0,597	-2,199	8,2500E-4	0,014	-0,053
14,050	-0,033	0,000	0,000	-7,8750E-4	0,000	0,000	14,050	0,061	0,487	-2,199	0,0015	0,012	-0,052
14,100	-0,033	0,000	0,000	-7,8750E-4	0,000	0,000	14,100	0,083	0,377	-2,670	0,0020	0,009	-0,064
14,150	-0,033	0,000	0,000	-7,8750E-4	0,000	0,000	14,150	0,099	0,220	-2,827	0,0024	0,005	-0,068
14,200	-0,033	0,000	0,000	-7,8750E-4	0,000	0,000	14,200	0,105	0,094	-2,042	0,0025	0,002	-0,049
14,250	-0,033	0,000	0,000	-7,8750E-4	0,000	0,000	14,250	0,108	0,016	-1,100	0,0026	3,750E-4	-0,026
14,300	-0,033	0,000	0,000	-7,8750E-4	0,000	0,000	14,300	0,107	-0,016	-0,157	0,0026	-3,750E-4	-0,004
14,350	-0,033	0,000	0,000	-7,8750E-4	0,000	0,000	14,350	0,107	0,000	0,157	0,0026	0,000	0,004
14,400	-0,033	0,000	0,000	-7,8750E-4	0,000	0,000	14,400	0,107	0,000	0,000	0,0026	0,000	0,000
14,450	-0,033	0,000	0,000	-7,8750E-4	0,000	0,000	14,450	0,107	0,000	0,000	0,0026	0,000	0,000
14,500	-0,033	0,000	0,000	-7,8750E-4	0,000	0,000	14,500	0,107	0,000	0,000	0,0026	0,000	0,000
14,550	-0,033	0,000	0,000	-7,8750E-4	0,000	0,000	14,550	0,107	0,000	0,000	0,0026	0,000	0,000
14,600	-0,033	0,000	0,000	-7,8750E-4	0,000	0,000	14,600	0,107	0,000	0,000	0,0026	0,000	0,000
14,650	-0,033	0,000	0,000	-7,8750E-4	0,000	0,000	14,650	0,107	0,000	0,000	0,0026	0,000	0,000
14,700	-0,033	0,000	0,000	-7,8750E-4	0,000	0,000	14,700	0,107	0,000	0,000	0,0026	0,000	0,000
14,750	-0,033	0,000	0,000	-7,8750E-4	0,000	0,000	14,750	0,107	0,000	0,000	0,0026	0,000	0,000
14,800	-0,033	0,000	0,000	-7,8750E-4	0,000	0,000	14,800	0,107	0,000	0,000	0,0026	0,000	0,000
14,850	-0,033	0,000	0,000	-7,8750E-4	0,000	0,000	14,850	0,107	0,000	0,000	0,0026	0,000	0,000
14,900	-0,033	0,000	0,000	-7,8750E-4	0,000	0,000	14,900	0,107	0,000	0,000	0,0026	0,000	0,000
14,950	-0,033	0,000	0,000	-7,8750E-4	0,000	0,000	14,950	0,107	0,000	0,000	0,0026	0,000	0,000
15,000	-0,033	0,000	0,000	-7,8750E-4	0,000	0,000	15,000	0,107	0,000	0,000	0,0026	0,000	0,000
15,050	-0,033	0,000	0,000	-7,8750E-4	0,000	0,000	15,050	0,107	0,000	0,000	0,0026	0,000	0,000
15,100	-0,033	0,000	0,000	-7,8750E-4	0,000	0,000	15,100	0,107	0,000	0,000	0,0026	0,000	0,000
15,150	-0,033	0,000	0,000	-7,8750E-4	0,000	0,000	15,150	0,107	0,000	0,000	0,0026	0,000	0,000
15,200	-0,033	0,000	0,000	-7,8750E-4	0,000	0,000	15,200	0,107	0,000	0,000	0,0026	0,000	0,000
15,250	-0,033	0,000	0,000	-7,8750E-4	0,000	0,000	15,250	0,107	0,000	0,000	0,0026	0,000	0,000
15,300	-0,033	0,000	0,000	-7,8750E-4	0,000	0,000	15,300	0,107	0,000	-0,157	0,0026	0,000	-0,004
15,350	-0,033	0,000	0,000	-7,8750E-4	0,000	0,000	15,350	0,107	-0,016	-0,157	0,0026	-3,750E-4	-0,004
15,400	-0,033	0,000	0,000	-7,8750E-4	0,000	0,000	15,400	0,105	-0,016	0,157	0,0025	-3,750E-4	0,004
15,450	-0,033	0,000	0,000	-7,8750E-4	0,000	0,000	15,450	0,105	0,000	0,157	0,0025	0,000	0,004
15,500	-0,033	0,000	0,000	-7,8750E-4	0,000	0,000	15,500	0,105	0,000	0,000	0,0025	0,000	0,000
15,550	-0,033	0,000	0,000	-7,8750E-4	0,000	0,000	15,550	0,105	0,000	0,000	0,0025	0,000	0,000
15,600	-0,033	0,000	0,000	-7,8750E-4	0,000	0,000	15,600	0,105	0,000	0,000	0,0025	0,000	0,000
15,650	-0,033	0,000	0,000	-7,8750E-4	0,000	0,000	15,650	0,105	0,000	0,000	0,0025	0,000	0,000
15,700	-0,033	0,000	0,000	-7,8750E-4	0,000	0,000	15,700	0,105	0,000	0,000	0,0025	0,000	0,000
15,750	-0,033	0,000	0,000	-7,8750E-4	0,000	0,000	15,750	0,105	0,000	0,000	0,0025	0,000	0,000
15,800	-0,033	0,000	0,000	-7,8750E-4	0,000	0,000	15,800	0,105	0,000	0,000	0,0025	0,000	0,000
15,850	-0,033	0,000	0,000	-7,8750E-4	0,000	0,000	15,850	0,105	0,000	0,000	0,0025	0,000	0,000
15,900	-0,033	0,000	0,000	-7,8750E-4	0,000	0,000	15,900	0,105	0,000	0,000	0,0025	0,000	0,000
15,950	-0,033	0,000	0,000	-7,8750E-4	0,000	0,000	15,950	0,105	0,000		0,0025	0,000	
16,000	-0,033	0,000	0,000	-7,8750E-4	0,000	0,000							
16,050	-0,033	0,000	0,000	-7,8750E-4	0,000	0,000							
16,100	-0,033	0,000	0,000	-7,8750E-4	0,000	0,000							
16,150	-0,033	0,000	0,000	-7,8750E-4	0,000	0,000							
16,200	-0,033	0,000	0,000	-7,8750E-4	0,000	0,000							
16,250	-0,033	0,000	0,000	-7,8750E-4	0,000	0,000							
16,300	-0,033	0,000	0,000	-7,8750E-4	0,000	0,000							
16,350	-0,033	0,000	0,000	-7,8750E-4	0,000	0,000							
16,400	-0,033	0,000	0,000	-7,8750E-4	0,000	0,000							
16,450	-0,033	0,000	0,000	-7,8750E-4	0,000	0,000							
16,500	-0,033	0,000	0,000	-7,8750E-4	0,000	0,000							
16,550	-0,033	0,000	0,000	-7,8750E-4	0,000	0,000							
16,600	-0,033	0,000	0,000	-7,8750E-4	0,000	0,000							
16,650	-0,033	0,000	0,000	-7,8750E-4	0,000	0,000							
16,700	-0,033	0,000	0,000	-7,8750E-4	0,000	0,000							
16,750	-0,033	0,000	0,000	-7,8750E-4	0,000	0,000							
16,800	-0,033	0,000	0,000	-7,8750E-4	0,000	0,000							
16,850	-0,033	0,000	0,000	-7,8750E-4	0,000	0,000							
16,900	-0,033	0,000	0,000	-7,8750E-4	0,000	0,000							
16,950	-0,033	0,000	0,000	-7,8750E-4	0,000	0,000							
17,000	-0,033	0,000	0,000	-7,8750E-4	0,000	0,000							
17,050	-0,033	0,000	0,000	-7,8750E-4	0,000	0,000							
17,100	-0,033	0,000	0,000	-7,8750E-4	0,000	0,000							
17,150	-0,033	0,000	0,000	-7,8750E-4	0,000	0,000							
17,200	-0,033	0,000	0,000	-7,8750E-4	0,000	0,000							
17,250	-0,033	0,000	0,000	-7,8750E-4	0,000	0,000							
17,300	-0,033	0,000	0,000	-7,8750E-4	0,000	0,000							
17,350	-0,033	0,000	0,000	-7,8750E-4	0,000	0,000							
17,400	-0,033	0,000	0,000	-7,8750E-4	0,000	0,000							
17,450	-0,033	0,000	0,000	-7,8750E-4	0,000	0,000							
17,500	-0,033	0,000	0,000	-7,8750E-4	0,000	0,000							
17,550	-0,033	0,000	0,000	-7,8750E-4	0,000	0,000							
17,600	-0,033	0,000	0,000	-7,8750E-4	0,000	0,000							
17,650	-0,033	0,000	0,000	-7,8750E-4	0,000	0,000							
17,700	-0,033	0,000	0,000	-7,8750E-4	0,000	0,000							
17,750	-0,033	0,000	0,000	-7,8750E-4	0,000	0,000							
17,800	-0,033	0,000	0,000	-7,8750E-4	0,000	0,000							
17,850	-0,033	0,000	0,000	-7,8750E-4	0,000	0,000							
17,900	-0,033	0,000	0,000	-7,8750E-4	0,000	0,000							
17,950	-0,033	0,000		-7,8750E-4	0,000								
